Agent,Concept,Problem,Knowledge,Type,Result,Action,When-Part,Where-Part,How-Part,Intermediate,Seen,AL Ans,Correct Ans,Time
SPPP-S-4,2,[2][args:88-11-48-6],Skill,practice,INCORRECT,Request,...,[0&0],HINT,False,True,None,1,13:24:45
SPPP-S-4,3,[3][args:308-4-7],Skill,practice,INCORRECT,Request,...,[0&0],HINT,False,True,None,11,13:24:48
SPPP-S-4,4,[4][args:2-18],Skill,practice,INCORRECT,Request,...,[0&0],HINT,False,True,None,333,13:24:51
SPPP-S-4,5,[5][args:5-151-256],Skill,practice,INCORRECT,Request,...,[0&0],HINT,False,True,None,21,13:24:59
SPPP-S-4,2,[2][args:441-7-372-124],Skill,practice,INCORRECT,Request,...,{('answer'&'arg_2_concept_2'&'arg_2_concept_2'&'arg_3_concept_2'&'arg_3_concept_2')},Subtract(Divide(?.v&?.v)&Subtract(?.v&?.v)):(arg_2_concept_2&arg_2_concept_2&arg_3_concept_2&arg_3_concept_2)->answer (v: 0.679),False,False,1,21,13:24:59
SPPP-S-4,2,[2][args:441-7-372-124],Skill,practice,NA,Train,None,{('answer'&'arg_2_concept_2'&'arg_2_concept_2'&'arg_2_concept_2')},Add(?.v&Add(?.v&?.v)):(arg_2_concept_2&arg_2_concept_2&arg_2_concept_2)->answer,False,False,None,21,13:25:13
SPPP-S-4,3,[3][args:312-13-4],Skill,practice,CORRECT,Request,...,{('answer'&'arg_1_concept_3'&'arg_2_concept_3'&'arg_3_concept_3')},Divide(Divide(?.v&?.v)&?.v):(arg_1_concept_3&arg_2_concept_3&arg_3_concept_3)->answer (v: 0.679),False,False,6,6,13:25:13
SPPP-S-4,4,[4][args:3-12],Skill,practice,INCORRECT,Request,...,{('answer'&'arg_2_concept_4'&'arg_2_concept_4'&'arg_2_concept_4'&'arg_1_concept_4')},Add(Multiply(?.v&?.v)&Divide(?.v&?.v)):(arg_2_concept_4&arg_2_concept_4&arg_2_concept_4&arg_1_concept_4)->answer (v: 0.685),False,False,148,1732,13:25:20
SPPP-S-4,4,[4][args:3-12],Skill,practice,NA,Train,None,{('answer'&)},1732.0:()->answer,False,False,None,1732,13:25:37
SPPP-S-4,5,[5][args:13-98-163],Skill,practice,CORRECT,Request,...,{('answer'&'arg_3_concept_5'&'arg_2_concept_5'&'arg_1_concept_5')},Divide(Subtract(?.v&?.v)&?.v):(arg_3_concept_5&arg_2_concept_5&arg_1_concept_5)->answer (v: 0.685),False,False,5,5,13:25:37
SPPP-S-4,2,[2][args:165-3-143-13],Skill,practice,INCORRECT,Request,...,[2&1],HINT,False,False,None,5,13:25:59
SPPP-S-4,3,[3][args:162-6-3],Skill,practice,CORRECT,Request,...,{('answer'&'arg_1_concept_3'&'arg_2_concept_3'&'arg_3_concept_3')},Divide(Divide(?.v&?.v)&?.v):(arg_1_concept_3&arg_2_concept_3&arg_3_concept_3)->answer (v: 0.991),False,False,9,9,13:25:59
SPPP-S-4,4,[4][args:1-13],Skill,practice,INCORRECT,Request,...,{('answer'&'arg_2_concept_4'&'arg_2_concept_4'&'arg_2_concept_4'&'arg_1_concept_4')},Add(Multiply(?.v&?.v)&Divide(?.v&?.v)):(arg_2_concept_4&arg_2_concept_4&arg_2_concept_4&arg_1_concept_4)->answer (v: 0.991),False,False,182,26,13:26:14
SPPP-S-4,4,[4][args:1-13],Skill,practice,NA,Train,None,{('answer'&'arg_2_concept_4'&'arg_1_concept_4'&'arg_1_concept_4')},Multiply(?.v&Add(?.v&?.v)):(arg_2_concept_4&arg_1_concept_4&arg_1_concept_4)->answer,False,False,None,26,13:26:42
SPPP-S-4,5,[5][args:3-56-98],Skill,practice,CORRECT,Request,...,{('answer'&'arg_3_concept_5'&'arg_2_concept_5'&'arg_1_concept_5')},Divide(Subtract(?.v&?.v)&?.v):(arg_3_concept_5&arg_2_concept_5&arg_1_concept_5)->answer (v: 0.991),False,False,14,14,13:26:42
SPPP-S-4,2,[2][args:180-12-115-23],Skill,practice,INCORRECT,Request,...,{('answer'&'arg_2_concept_2'&'arg_2_concept_2'&'arg_1_concept_2'&'arg_1_concept_2')},Subtract(Add(?.v&?.v)&Divide(?.v&?.v)):(arg_2_concept_2&arg_2_concept_2&arg_1_concept_2&arg_1_concept_2)->answer (v: 0.692),False,False,23,3,13:26:55
SPPP-S-4,2,[2][args:180-12-115-23],Skill,practice,NA,Train,None,{('answer'&'arg_1_concept_2'&'arg_3_concept_2'&'arg_2_concept_2'&'arg_4_concept_2')},Divide(Divide(?.v&?.v)&Divide(?.v&?.v)):(arg_1_concept_2&arg_3_concept_2&arg_2_concept_2&arg_4_concept_2)->answer,False,False,None,3,13:27:23
SPPP-S-4,3,[3][args:1170-9-10],Skill,practice,CORRECT,Request,...,{('answer'&'arg_1_concept_3'&'arg_2_concept_3'&'arg_3_concept_3')},Divide(Divide(?.v&?.v)&?.v):(arg_1_concept_3&arg_2_concept_3&arg_3_concept_3)->answer (v: 0.986),False,False,13,13,13:27:23
SPPP-S-4,4,[4][args:3-9],Skill,practice,INCORRECT,Request,...,{('answer'&'arg_2_concept_4'&'arg_1_concept_4'&'arg_1_concept_4')},Multiply(?.v&Add(?.v&?.v)):(arg_2_concept_4&arg_1_concept_4&arg_1_concept_4)->answer (v: 0.692),False,False,54,732,13:27:42
SPPP-S-4,4,[4][args:3-9],Skill,practice,NA,Train,None,{('answer'&'arg_2_concept_4'&'arg_1_concept_4'&'arg_2_concept_4'&'arg_1_concept_4')},Add(Divide(?.v&?.v)&Pow(?.v&?.v)):(arg_2_concept_4&arg_1_concept_4&arg_2_concept_4&arg_1_concept_4)->answer,False,False,None,732,13:28:21
SPPP-S-4,5,[5][args:25-63-338],Skill,practice,CORRECT,Request,...,{('answer'&'arg_3_concept_5'&'arg_2_concept_5'&'arg_1_concept_5')},Divide(Subtract(?.v&?.v)&?.v):(arg_3_concept_5&arg_2_concept_5&arg_1_concept_5)->answer (v: 0.986),False,False,11,11,13:28:21
SPPP-S-4,2,[2][args:588-6-112-8],Skill,practice,INCORRECT,Request,...,{('answer'&'arg_2_concept_2'&'arg_2_concept_2'&'arg_1_concept_2'&'arg_1_concept_2')},Subtract(Add(?.v&?.v)&Divide(?.v&?.v)):(arg_2_concept_2&arg_2_concept_2&arg_1_concept_2&arg_1_concept_2)->answer (v: 0.991),False,False,11,7,13:28:49
SPPP-S-4,2,[2][args:588-6-112-8],Skill,practice,NA,Train,None,{('answer'&'arg_1_concept_2'&'arg_3_concept_2'&'arg_2_concept_2'&'arg_4_concept_2')},Divide(Divide(?.v&?.v)&Divide(?.v&?.v)):(arg_1_concept_2&arg_3_concept_2&arg_2_concept_2&arg_4_concept_2)->answer,False,False,None,7,13:29:48
SPPP-S-4,3,[3][args:495-9-5],Skill,practice,CORRECT,Request,...,{('answer'&'arg_1_concept_3'&'arg_2_concept_3'&'arg_3_concept_3')},Divide(Divide(?.v&?.v)&?.v):(arg_1_concept_3&arg_2_concept_3&arg_3_concept_3)->answer (v: 0.983),False,False,11,11,13:29:48
SPPP-S-4,4,[4][args:4-8],Skill,practice,INCORRECT,Request,...,{('answer'&'arg_2_concept_4'&'arg_1_concept_4'&'arg_1_concept_4')},Multiply(?.v&Add(?.v&?.v)):(arg_2_concept_4&arg_1_concept_4&arg_1_concept_4)->answer (v: 0.991),False,False,64,4098,13:30:18
SPPP-S-4,4,[4][args:4-8],Skill,practice,NA,Train,None,{('answer'&'arg_2_concept_4'&'arg_1_concept_4'&'arg_2_concept_4'&'arg_1_concept_4')},Add(Divide(?.v&?.v)&Pow(?.v&?.v)):(arg_2_concept_4&arg_1_concept_4&arg_2_concept_4&arg_1_concept_4)->answer,False,False,None,4098,13:31:19
SPPP-S-4,5,[5][args:15-142-322],Skill,practice,CORRECT,Request,...,{('answer'&'arg_3_concept_5'&'arg_2_concept_5'&'arg_1_concept_5')},Divide(Subtract(?.v&?.v)&?.v):(arg_3_concept_5&arg_2_concept_5&arg_1_concept_5)->answer (v: 0.983),False,False,12,12,13:31:19
SPPP-S-4,2,[2][args:504-4-98-14],Skill,practice,INCORRECT,Request,...,[1&0],HINT,False,False,None,18,13:32:29
SPPP-S-4,3,[3][args:256-4-4],Skill,practice,CORRECT,Request,...,{('answer'&'arg_1_concept_3'&'arg_2_concept_3'&'arg_3_concept_3')},Divide(Divide(?.v&?.v)&?.v):(arg_1_concept_3&arg_2_concept_3&arg_3_concept_3)->answer (v: 0.979),False,False,16,16,13:32:29
SPPP-S-4,4,[4][args:2-6],Skill,practice,CORRECT,Request,...,{('answer'&'arg_2_concept_4'&'arg_1_concept_4'&'arg_2_concept_4'&'arg_1_concept_4')},Add(Divide(?.v&?.v)&Pow(?.v&?.v)):(arg_2_concept_4&arg_1_concept_4&arg_2_concept_4&arg_1_concept_4)->answer (v: 0.757),False,False,39,39,13:33:04
SPPP-S-4,5,[5][args:23-16-200],Skill,practice,CORRECT,Request,...,{('answer'&'arg_3_concept_5'&'arg_2_concept_5'&'arg_1_concept_5')},Divide(Subtract(?.v&?.v)&?.v):(arg_3_concept_5&arg_2_concept_5&arg_1_concept_5)->answer (v: 0.980),False,False,8,8,13:33:38
SPPP-S-4,2,[2][args:150-5-90-9],Skill,practice,CORRECT,Request,...,{('answer'&'arg_1_concept_2'&'arg_3_concept_2'&'arg_2_concept_2'&'arg_4_concept_2')&('answer'&'arg_4_concept_2'&'arg_3_concept_2'&'arg_2_concept_2'&'arg_1_concept_2')},Divide(Divide(?.v&?.v)&Divide(?.v&?.v)):(arg_1_concept_2&arg_3_concept_2&arg_2_concept_2&arg_4_concept_2)->answer (v: 0.722),False,False,3,3,13:34:14
SPPP-S-4,3,[3][args:280-7-8],Skill,practice,CORRECT,Request,...,{('answer'&'arg_1_concept_3'&'arg_2_concept_3'&'arg_3_concept_3')},Divide(Divide(?.v&?.v)&?.v):(arg_1_concept_3&arg_2_concept_3&arg_3_concept_3)->answer (v: 0.978),False,False,5,5,13:34:48
SPPP-S-4,4,[4][args:2-12],Skill,practice,INCORRECT,Request,...,{('answer'&)},1732.0:()->answer (v: 0.625),False,False,1732.0,150,13:35:22
SPPP-S-4,4,[4][args:2-12],Skill,practice,NA,Train,None,{('answer'&'arg_2_concept_4'&'arg_2_concept_4'&'arg_2_concept_4'&'arg_1_concept_4')},Add(Multiply(?.v&?.v)&Divide(?.v&?.v)):(arg_2_concept_4&arg_2_concept_4&arg_2_concept_4&arg_1_concept_4)->answer,False,False,None,150,13:36:32
SPPP-S-4,5,[5][args:9-121-400],Skill,practice,CORRECT,Request,...,{('answer'&'arg_3_concept_5'&'arg_2_concept_5'&'arg_1_concept_5')},Divide(Subtract(?.v&?.v)&?.v):(arg_3_concept_5&arg_2_concept_5&arg_1_concept_5)->answer (v: 0.978),False,False,31,31,13:36:32
SPPP-S-4,2,[2][args:252-6-84-12],Skill,practice,CORRECT,Request,...,{('answer'&'arg_1_concept_2'&'arg_3_concept_2'&'arg_2_concept_2'&'arg_4_concept_2')&('answer'&'arg_4_concept_2'&'arg_3_concept_2'&'arg_2_concept_2'&'arg_1_concept_2')},Divide(Divide(?.v&?.v)&Divide(?.v&?.v)):(arg_1_concept_2&arg_3_concept_2&arg_2_concept_2&arg_4_concept_2)->answer (v: 0.987),False,False,6,6,13:37:07
SPPP-S-4,3,[3][args:98-2-7],Skill,practice,CORRECT,Request,...,{('answer'&'arg_1_concept_3'&'arg_2_concept_3'&'arg_3_concept_3')},Divide(Divide(?.v&?.v)&?.v):(arg_1_concept_3&arg_2_concept_3&arg_3_concept_3)->answer (v: 0.975),False,False,7,7,13:37:47
SPPP-S-4,4,[4][args:5-10],Skill,practice,INCORRECT,Request,...,{('answer'&'arg_2_concept_4'&'arg_2_concept_4'&'arg_2_concept_4'&'arg_1_concept_4')},Add(Multiply(?.v&?.v)&Divide(?.v&?.v)):(arg_2_concept_4&arg_2_concept_4&arg_2_concept_4&arg_1_concept_4)->answer (v: 0.975),False,False,102,100002,13:38:26
SPPP-S-4,4,[4][args:5-10],Skill,practice,NA,Train,None,{('answer'&)},100002.0:()->answer,False,False,None,100002,13:39:47
SPPP-S-4,5,[5][args:7-356-475],Skill,practice,CORRECT,Request,...,{('answer'&'arg_3_concept_5'&'arg_2_concept_5'&'arg_1_concept_5')},Divide(Subtract(?.v&?.v)&?.v):(arg_3_concept_5&arg_2_concept_5&arg_1_concept_5)->answer (v: 0.975),False,False,17,17,13:39:47
SPPP-S-4,2,[2][args:240-5-72-24],Skill,practice,CORRECT,Request,...,{('answer'&'arg_1_concept_2'&'arg_3_concept_2'&'arg_2_concept_2'&'arg_4_concept_2')&('answer'&'arg_4_concept_2'&'arg_3_concept_2'&'arg_2_concept_2'&'arg_1_concept_2')},Divide(Divide(?.v&?.v)&Divide(?.v&?.v)):(arg_1_concept_2&arg_3_concept_2&arg_2_concept_2&arg_4_concept_2)->answer (v: 0.977),False,False,16,16,13:40:28
SPPP-S-4,3,[3][args:99-11-3],Skill,practice,CORRECT,Request,...,{('answer'&'arg_1_concept_3'&'arg_2_concept_3'&'arg_3_concept_3')},Divide(Divide(?.v&?.v)&?.v):(arg_1_concept_3&arg_2_concept_3&arg_3_concept_3)->answer (v: 0.973),False,False,3,3,13:41:12
SPPP-S-4,4,[4][args:3-21],Skill,practice,INCORRECT,Request,...,{('answer'&'arg_2_concept_4'&'arg_1_concept_4'&'arg_2_concept_4'&'arg_1_concept_4')},Add(Divide(?.v&?.v)&Pow(?.v&?.v)):(arg_2_concept_4&arg_1_concept_4&arg_2_concept_4&arg_1_concept_4)->answer (v: 0.969),False,False,None,9268,13:41:50
SPPP-S-4,4,[4][args:3-21],Skill,practice,NA,Train,None,{('answer'&)},9268.0:()->answer,False,False,None,9268,13:43:50
SPPP-S-4,5,[5][args:16-117-421],Skill,practice,CORRECT,Request,...,{('answer'&'arg_3_concept_5'&'arg_2_concept_5'&'arg_1_concept_5')},Divide(Subtract(?.v&?.v)&?.v):(arg_3_concept_5&arg_2_concept_5&arg_1_concept_5)->answer (v: 0.973),False,False,19,19,13:43:50
SPPP-S-4,2,[2][args:126-3-54-9],Skill,practice,INCORRECT,Request,...,{('answer'&'arg_1_concept_2'&'arg_3_concept_2'&'arg_2_concept_2'&'arg_4_concept_2')&('answer'&'arg_4_concept_2'&'arg_3_concept_2'&'arg_2_concept_2'&'arg_1_concept_2')},Divide(Divide(?.v&?.v)&Divide(?.v&?.v)):(arg_1_concept_2&arg_3_concept_2&arg_2_concept_2&arg_4_concept_2)->answer (v: 0.967),False,False,7.000000000000001,7,13:44:34
SPPP-S-4,2,[2][args:126-3-54-9],Skill,practice,NA,Train,None,{('answer'&'arg_1_concept_2'&'arg_3_concept_2'&'arg_2_concept_2'&'arg_4_concept_2')&('answer'&'arg_4_concept_2'&'arg_3_concept_2'&'arg_2_concept_2'&'arg_1_concept_2')},Divide(Divide(?.v&?.v)&Divide(?.v&?.v)):(arg_4_concept_2&arg_3_concept_2&arg_2_concept_2&arg_1_concept_2)->answer,False,False,None,7,13:46:03
SPPP-S-4,3,[3][args:648-12-6],Skill,practice,CORRECT,Request,...,{('answer'&'arg_1_concept_3'&'arg_2_concept_3'&'arg_3_concept_3')},Divide(Divide(?.v&?.v)&?.v):(arg_1_concept_3&arg_2_concept_3&arg_3_concept_3)->answer (v: 0.971),False,False,9,9,13:46:03
SPPP-S-4,4,[4][args:4-4],Skill,practice,CORRECT,Request,...,{('answer'&'arg_2_concept_4'&'arg_1_concept_4'&'arg_2_concept_4'&'arg_1_concept_4')},Add(Divide(?.v&?.v)&Pow(?.v&?.v)):(arg_2_concept_4&arg_1_concept_4&arg_2_concept_4&arg_1_concept_4)->answer (v: 0.959),False,False,257,257,13:46:42
SPPP-S-4,5,[5][args:21-110-656],Skill,practice,CORRECT,Request,...,{('answer'&'arg_3_concept_5'&'arg_2_concept_5'&'arg_1_concept_5')},Divide(Subtract(?.v&?.v)&?.v):(arg_3_concept_5&arg_2_concept_5&arg_1_concept_5)->answer (v: 0.972),False,False,26,26,13:47:24
SPPP-S-4,5,[5][args:5-151-256],Skill,posttest,CORRECT,Request,...,{('answer'&'arg_3_concept_5'&'arg_2_concept_5'&'arg_1_concept_5')},Divide(Subtract(?.v&?.v)&?.v):(arg_3_concept_5&arg_2_concept_5&arg_1_concept_5)->answer (v: 0.997),False,True,21,21,13:48:09
SPPP-S-4,3,[3][args:448-7-8],Skill,posttest,CORRECT,Request,...,{('answer'&'arg_1_concept_3'&'arg_2_concept_3'&'arg_3_concept_3')},Divide(Divide(?.v&?.v)&?.v):(arg_1_concept_3&arg_2_concept_3&arg_3_concept_3)->answer (v: 0.970),False,False,8,8,13:48:09
SPPP-S-4,4,[4][args:2-4],Skill,posttest,CORRECT,Request,...,{('answer'&'arg_2_concept_4'&'arg_2_concept_4'&'arg_2_concept_4'&'arg_1_concept_4')},Add(Multiply(?.v&?.v)&Divide(?.v&?.v)):(arg_2_concept_4&arg_2_concept_4&arg_2_concept_4&arg_1_concept_4)->answer (v: 0.970),False,False,18,18,13:48:09
SPPP-S-4,5,[5][args:5-151-256],Skill,posttest,CORRECT,Request,...,{('answer'&'arg_3_concept_5'&'arg_2_concept_5'&'arg_1_concept_5')},Divide(Subtract(?.v&?.v)&?.v):(arg_3_concept_5&arg_2_concept_5&arg_1_concept_5)->answer (v: 0.970),False,True,21,21,13:48:09
SPPP-S-4,3,[3][args:308-4-7],Skill,posttest,CORRECT,Request,...,{('answer'&'arg_1_concept_3'&'arg_2_concept_3'&'arg_3_concept_3')},Divide(Divide(?.v&?.v)&?.v):(arg_1_concept_3&arg_2_concept_3&arg_3_concept_3)->answer (v: 0.969),False,True,11,11,13:48:09
SPPP-S-4,3,[3][args:308-4-7],Skill,posttest,CORRECT,Request,...,{('answer'&'arg_1_concept_3'&'arg_2_concept_3'&'arg_3_concept_3')},Divide(Divide(?.v&?.v)&?.v):(arg_1_concept_3&arg_2_concept_3&arg_3_concept_3)->answer (v: 0.997),False,True,11,11,13:48:09
SPPP-S-4,2,[2][args:88-11-48-6],Skill,posttest,CORRECT,Request,...,{('answer'&'arg_2_concept_2'&'arg_2_concept_2'&'arg_3_concept_2'&'arg_3_concept_2')},Subtract(Divide(?.v&?.v)&Subtract(?.v&?.v)):(arg_2_concept_2&arg_2_concept_2&arg_3_concept_2&arg_3_concept_2)->answer (v: 0.967),False,True,1,1,13:48:09
SPPP-S-4,5,[5][args:5-151-256],Skill,posttest,INCORRECT,Request,...,[1&0],HINT,False,True,None,21,13:48:09
SPPP-S-4,4,[4][args:2-8],Skill,posttest,CORRECT,Request,...,{('answer'&'arg_2_concept_4'&'arg_1_concept_4'&'arg_2_concept_4'&'arg_1_concept_4')},Add(Divide(?.v&?.v)&Pow(?.v&?.v)):(arg_2_concept_4&arg_1_concept_4&arg_2_concept_4&arg_1_concept_4)->answer (v: 0.944),False,False,68,68,13:48:09
SPPP-S-4,3,[3][args:308-4-7],Skill,posttest,CORRECT,Request,...,{('answer'&'arg_1_concept_3'&'arg_2_concept_3'&'arg_3_concept_3')},Divide(Divide(?.v&?.v)&?.v):(arg_1_concept_3&arg_2_concept_3&arg_3_concept_3)->answer (v: 0.967),False,True,11,11,13:48:09
SPPP-S-4,4,[4][args:2-18],Skill,posttest,CORRECT,Request,...,{('answer'&'arg_2_concept_4'&'arg_2_concept_4'&'arg_2_concept_4'&'arg_1_concept_4')},Add(Multiply(?.v&?.v)&Divide(?.v&?.v)):(arg_2_concept_4&arg_2_concept_4&arg_2_concept_4&arg_1_concept_4)->answer (v: 0.967),False,True,333,333,13:48:09
SPPP-S-4,5,[5][args:5-79-199],Skill,posttest,CORRECT,Request,...,{('answer'&'arg_3_concept_5'&'arg_2_concept_5'&'arg_1_concept_5')},Divide(Subtract(?.v&?.v)&?.v):(arg_3_concept_5&arg_2_concept_5&arg_1_concept_5)->answer (v: 0.967),False,False,24,24,13:48:09
SPPP-S-4,3,[3][args:693-7-3],Skill,posttest,CORRECT,Request,...,{('answer'&'arg_1_concept_3'&'arg_2_concept_3'&'arg_3_concept_3')},Divide(Divide(?.v&?.v)&?.v):(arg_1_concept_3&arg_2_concept_3&arg_3_concept_3)->answer (v: 0.966),False,False,33,33,13:48:09
SPPP-S-4,5,[5][args:13-37-154],Skill,posttest,CORRECT,Request,...,{('answer'&'arg_3_concept_5'&'arg_2_concept_5'&'arg_1_concept_5')},Divide(Subtract(?.v&?.v)&?.v):(arg_3_concept_5&arg_2_concept_5&arg_1_concept_5)->answer (v: 0.967),False,False,9,9,13:48:09
SPPP-S-4,4,[4][args:2-18],Skill,posttest,CORRECT,Request,...,{('answer'&'arg_2_concept_4'&'arg_2_concept_4'&'arg_2_concept_4'&'arg_1_concept_4')},Add(Multiply(?.v&?.v)&Divide(?.v&?.v)):(arg_2_concept_4&arg_2_concept_4&arg_2_concept_4&arg_1_concept_4)->answer (v: 0.966),False,True,333,333,13:48:09
SPPP-S-4,2,[2][args:88-11-48-6],Skill,posttest,CORRECT,Request,...,{('answer'&'arg_2_concept_2'&'arg_2_concept_2'&'arg_3_concept_2'&'arg_3_concept_2')},Subtract(Divide(?.v&?.v)&Subtract(?.v&?.v)):(arg_2_concept_2&arg_2_concept_2&arg_3_concept_2&arg_3_concept_2)->answer (v: 0.965),False,True,1,1,13:48:09
SPPP-S-4,2,[2][args:360-6-135-9],Skill,posttest,CORRECT,Request,...,{('answer'&'arg_1_concept_2'&'arg_3_concept_2'&'arg_2_concept_2'&'arg_4_concept_2')&('answer'&'arg_4_concept_2'&'arg_3_concept_2'&'arg_2_concept_2'&'arg_1_concept_2')},Divide(Divide(?.v&?.v)&Divide(?.v&?.v)):(arg_1_concept_2&arg_3_concept_2&arg_2_concept_2&arg_4_concept_2)->answer (v: 0.936),False,False,4,4,13:48:09
SPPP-S-4,2,[2][args:216-4-87-29],Skill,posttest,CORRECT,Request,...,{('answer'&'arg_1_concept_2'&'arg_3_concept_2'&'arg_2_concept_2'&'arg_4_concept_2')&('answer'&'arg_4_concept_2'&'arg_3_concept_2'&'arg_2_concept_2'&'arg_1_concept_2')},Divide(Divide(?.v&?.v)&Divide(?.v&?.v)):(arg_1_concept_2&arg_3_concept_2&arg_2_concept_2&arg_4_concept_2)->answer (v: 0.997),False,False,18,18,13:48:09
SPPP-S-4,4,[4][args:2-18],Skill,posttest,CORRECT,Request,...,{('answer'&'arg_2_concept_4'&'arg_2_concept_4'&'arg_2_concept_4'&'arg_1_concept_4')},Add(Multiply(?.v&?.v)&Divide(?.v&?.v)):(arg_2_concept_4&arg_2_concept_4&arg_2_concept_4&arg_1_concept_4)->answer (v: 0.965),False,True,333,333,13:48:09
SPPP-S-4,2,[2][args:45-3-120-24],Skill,posttest,CORRECT,Request,...,{('answer'&'arg_1_concept_2'&'arg_3_concept_2'&'arg_2_concept_2'&'arg_4_concept_2')&('answer'&'arg_4_concept_2'&'arg_3_concept_2'&'arg_2_concept_2'&'arg_1_concept_2')},Divide(Divide(?.v&?.v)&Divide(?.v&?.v)):(arg_1_concept_2&arg_3_concept_2&arg_2_concept_2&arg_4_concept_2)->answer (v: 0.932),False,False,3,3,13:48:09
SPPP-S-4,4,[4][args:4-12],Skill,posttest,INCORRECT,Request,...,[9&8],HINT,False,False,None,20739,13:48:09
SPPP-S-4,5,[5][args:18-93-291],Skill,posttest,CORRECT,Request,...,{('answer'&'arg_3_concept_5'&'arg_2_concept_5'&'arg_1_concept_5')},Divide(Subtract(?.v&?.v)&?.v):(arg_3_concept_5&arg_2_concept_5&arg_1_concept_5)->answer (v: 0.964),False,False,11,11,13:48:09
SPPP-S-4,3,[3][args:312-3-4],Skill,posttest,CORRECT,Request,...,{('answer'&'arg_1_concept_3'&'arg_2_concept_3'&'arg_3_concept_3')},Divide(Divide(?.v&?.v)&?.v):(arg_1_concept_3&arg_2_concept_3&arg_3_concept_3)->answer (v: 0.963),False,False,26,26,13:48:09
SPPP-S-4,2,[2][args:88-11-48-6],Skill,posttest,CORRECT,Request,...,{('answer'&'arg_2_concept_2'&'arg_2_concept_2'&'arg_3_concept_2'&'arg_3_concept_2')},Subtract(Divide(?.v&?.v)&Subtract(?.v&?.v)):(arg_2_concept_2&arg_2_concept_2&arg_3_concept_2&arg_3_concept_2)->answer (v: 0.962),False,True,1,1,13:48:09
SPSP-S-4,2,[2][args:165-3-143-13],Skill,study,NA,Train,None,{('answer'&'arg_2_concept_2'&'arg_2_concept_2'&'arg_1_concept_2'&'arg_1_concept_2')},Subtract(Add(?.v&?.v)&Divide(?.v&?.v)):(arg_2_concept_2&arg_2_concept_2&arg_1_concept_2&arg_1_concept_2)->answer,False,True,None,5,13:48:10
SPSP-S-4,3,[3][args:98-2-7],Skill,study,NA,Train,None,{('answer'&'arg_3_concept_3'&'arg_2_concept_3'&'arg_2_concept_3')},Divide(?.v&Divide(?.v&?.v)):(arg_3_concept_3&arg_2_concept_3&arg_2_concept_3)->answer,False,True,None,7,13:48:13
SPSP-S-4,4,[4][args:4-8],Skill,study,NA,Train,None,{('answer'&'arg_2_concept_4'&'arg_1_concept_4'&'arg_2_concept_4'&'arg_1_concept_4')},Add(Divide(?.v&?.v)&Pow(?.v&?.v)):(arg_2_concept_4&arg_1_concept_4&arg_2_concept_4&arg_1_concept_4)->answer,False,True,None,4098,13:48:16
SPSP-S-4,5,[5][args:3-56-98],Skill,study,NA,Train,None,{('answer'&'arg_3_concept_5'&'arg_2_concept_5'&'arg_1_concept_5')},Divide(Subtract(?.v&?.v)&?.v):(arg_3_concept_5&arg_2_concept_5&arg_1_concept_5)->answer,False,True,None,14,13:48:23
SPSP-S-4,2,[2][args:504-4-98-14],Skill,practice,INCORRECT,Request,...,{('answer'&'arg_2_concept_2'&'arg_2_concept_2'&'arg_1_concept_2'&'arg_1_concept_2')},Subtract(Add(?.v&?.v)&Divide(?.v&?.v)):(arg_2_concept_2&arg_2_concept_2&arg_1_concept_2&arg_1_concept_2)->answer (v: 0.700),False,False,7,18,13:48:23
SPSP-S-4,2,[2][args:504-4-98-14],Skill,practice,NA,Train,None,{('answer'&'arg_1_concept_2'&'arg_2_concept_2'&'arg_3_concept_2'&'arg_4_concept_2')},Divide(Divide(?.v&?.v)&Divide(?.v&?.v)):(arg_1_concept_2&arg_2_concept_2&arg_3_concept_2&arg_4_concept_2)->answer,False,False,None,18,13:48:40
SPSP-S-4,3,[3][args:280-7-8],Skill,practice,INCORRECT,Request,...,{('answer'&'arg_3_concept_3'&'arg_2_concept_3'&'arg_2_concept_3')},Divide(?.v&Divide(?.v&?.v)):(arg_3_concept_3&arg_2_concept_3&arg_2_concept_3)->answer (v: 0.692),False,False,8,5,13:48:40
SPSP-S-4,3,[3][args:280-7-8],Skill,practice,NA,Train,None,{('answer'&'arg_1_concept_3'&'arg_2_concept_3'&'arg_1_concept_3'&'arg_3_concept_3')},Subtract(Divide(?.v&?.v)&Divide(?.v&?.v)):(arg_1_concept_3&arg_2_concept_3&arg_1_concept_3&arg_3_concept_3)->answer,False,False,None,5,13:49:07
SPSP-S-4,4,[4][args:3-9],Skill,practice,INCORRECT,Request,...,[1&0],HINT,False,False,None,732,13:49:24
SPSP-S-4,5,[5][args:7-356-475],Skill,practice,CORRECT,Request,...,{('answer'&'arg_3_concept_5'&'arg_2_concept_5'&'arg_1_concept_5')},Divide(Subtract(?.v&?.v)&?.v):(arg_3_concept_5&arg_2_concept_5&arg_1_concept_5)->answer (v: 0.679),False,False,17,17,13:49:24
SPSP-S-4,2,[2][args:240-5-72-24],Skill,study,NA,Train,None,{('answer'&'arg_1_concept_2'&'arg_2_concept_2'&'arg_3_concept_2'&'arg_4_concept_2')},Divide(Divide(?.v&?.v)&Divide(?.v&?.v)):(arg_1_concept_2&arg_2_concept_2&arg_3_concept_2&arg_4_concept_2)->answer,False,False,None,16,13:49:59
SPSP-S-4,3,[3][args:648-12-6],Skill,study,NA,Train,None,{('answer'&'arg_1_concept_3'&'arg_3_concept_3'&'arg_3_concept_3'&'arg_3_concept_3')},Divide(Divide(?.v&?.v)&Add(?.v&?.v)):(arg_1_concept_3&arg_3_concept_3&arg_3_concept_3&arg_3_concept_3)->answer,False,False,None,9,13:50:17
SPSP-S-4,4,[4][args:1-13],Skill,study,NA,Train,None,{('answer'&'arg_1_concept_4'&'arg_2_concept_4'&'arg_2_concept_4'&'arg_1_concept_4')},Add(Add(?.v&?.v)&Subtract(?.v&?.v)):(arg_1_concept_4&arg_2_concept_4&arg_2_concept_4&arg_1_concept_4)->answer,False,False,None,26,13:50:37
SPSP-S-4,5,[5][args:23-16-200],Skill,study,NA,Train,None,{('answer'&'arg_3_concept_5'&'arg_2_concept_5'&'arg_1_concept_5')},Divide(Subtract(?.v&?.v)&?.v):(arg_3_concept_5&arg_2_concept_5&arg_1_concept_5)->answer,False,False,None,8,13:51:00
SPSP-S-4,2,[2][args:441-7-372-124],Skill,practice,INCORRECT,Request,...,[1&0],HINT,False,False,None,21,13:51:24
SPSP-S-4,3,[3][args:308-4-7],Skill,practice,INCORRECT,Request,...,{('answer'&'arg_1_concept_3'&'arg_3_concept_3'&'arg_3_concept_3'&'arg_3_concept_3')},Divide(Divide(?.v&?.v)&Add(?.v&?.v)):(arg_1_concept_3&arg_3_concept_3&arg_3_concept_3&arg_3_concept_3)->answer (v: 0.692),False,True,3.142857142857143,11,13:51:24
SPSP-S-4,3,[3][args:308-4-7],Skill,practice,NA,Train,None,{('answer'&'arg_2_concept_3'&'arg_3_concept_3'&'arg_2_concept_3'&'arg_2_concept_3')},Subtract(Add(?.v&?.v)&Subtract(?.v&?.v)):(arg_2_concept_3&arg_3_concept_3&arg_2_concept_3&arg_2_concept_3)->answer,False,True,None,11,13:52:16
SPSP-S-4,4,[4][args:3-21],Skill,practice,INCORRECT,Request,...,{('answer'&'arg_1_concept_4'&'arg_2_concept_4'&'arg_1_concept_4')},Add(?.v&Pow(?.v&?.v)):(arg_1_concept_4&arg_2_concept_4&arg_1_concept_4)->answer (v: 0.665),False,False,None,9268,13:52:16
SPSP-S-4,4,[4][args:3-21],Skill,practice,NA,Train,None,{('answer'&)},9268.0:()->answer,False,False,None,9268,13:53:49
SPSP-S-4,5,[5][args:16-117-421],Skill,practice,CORRECT,Request,...,{('answer'&'arg_3_concept_5'&'arg_2_concept_5'&'arg_1_concept_5')},Divide(Subtract(?.v&?.v)&?.v):(arg_3_concept_5&arg_2_concept_5&arg_1_concept_5)->answer (v: 0.987),False,False,19,19,13:53:49
SPSP-S-4,2,[2][args:252-6-84-12],Skill,study,NA,Train,None,{('answer'&'arg_1_concept_2'&'arg_2_concept_2'&'arg_3_concept_2'&'arg_4_concept_2')},Divide(Divide(?.v&?.v)&Divide(?.v&?.v)):(arg_1_concept_2&arg_2_concept_2&arg_3_concept_2&arg_4_concept_2)->answer,False,False,None,6,13:54:58
SPSP-S-4,3,[3][args:495-9-5],Skill,study,NA,Train,None,{('answer'&'arg_1_concept_3'&'arg_2_concept_3'&'arg_3_concept_3')},Divide(Divide(?.v&?.v)&?.v):(arg_1_concept_3&arg_2_concept_3&arg_3_concept_3)->answer,False,False,None,11,13:55:29
SPSP-S-4,4,[4][args:2-18],Skill,study,NA,Train,None,{('answer'&'arg_2_concept_4'&'arg_2_concept_4'&'arg_2_concept_4'&'arg_1_concept_4')},Add(Multiply(?.v&?.v)&Divide(?.v&?.v)):(arg_2_concept_4&arg_2_concept_4&arg_2_concept_4&arg_1_concept_4)->answer,False,True,None,333,13:56:01
SPSP-S-4,5,[5][args:15-142-322],Skill,study,NA,Train,None,{('answer'&'arg_3_concept_5'&'arg_2_concept_5'&'arg_1_concept_5')},Divide(Subtract(?.v&?.v)&?.v):(arg_3_concept_5&arg_2_concept_5&arg_1_concept_5)->answer,False,False,None,12,13:56:38
SPSP-S-4,2,[2][args:88-11-48-6],Skill,practice,CORRECT,Request,...,{('answer'&'arg_1_concept_2'&'arg_2_concept_2'&'arg_3_concept_2'&'arg_4_concept_2')},Divide(Divide(?.v&?.v)&Divide(?.v&?.v)):(arg_1_concept_2&arg_2_concept_2&arg_3_concept_2&arg_4_concept_2)->answer (v: 0.778),False,True,1,1,13:56:38
SPSP-S-4,3,[3][args:99-11-3],Skill,practice,INCORRECT,Request,...,{('answer'&'arg_2_concept_3'&'arg_3_concept_3'&'arg_2_concept_3'&'arg_2_concept_3')},Subtract(Add(?.v&?.v)&Subtract(?.v&?.v)):(arg_2_concept_3&arg_3_concept_3&arg_2_concept_3&arg_2_concept_3)->answer (v: 0.669),False,False,14,3,13:57:14
SPSP-S-4,3,[3][args:99-11-3],Skill,practice,NA,Train,None,{('answer'&'arg_1_concept_3'&'arg_2_concept_3'&'arg_3_concept_3')},Divide(Divide(?.v&?.v)&?.v):(arg_1_concept_3&arg_2_concept_3&arg_3_concept_3)->answer,False,False,None,3,13:58:29
SPSP-S-4,4,[4][args:4-4],Skill,practice,INCORRECT,Request,...,{('answer'&'arg_2_concept_4'&'arg_2_concept_4'&'arg_2_concept_4'&'arg_1_concept_4')},Add(Multiply(?.v&?.v)&Divide(?.v&?.v)):(arg_2_concept_4&arg_2_concept_4&arg_2_concept_4&arg_1_concept_4)->answer (v: 0.692),False,False,17,257,13:58:29
SPSP-S-4,4,[4][args:4-4],Skill,practice,NA,Train,None,{('answer'&'arg_1_concept_4'&'arg_2_concept_4'&'arg_1_concept_4'&'arg_1_concept_4')},Add(Divide(?.v&?.v)&Pow(?.v&?.v)):(arg_1_concept_4&arg_2_concept_4&arg_1_concept_4&arg_1_concept_4)->answer,False,False,None,257,13:59:50
SPSP-S-4,5,[5][args:25-63-338],Skill,practice,CORRECT,Request,...,{('answer'&'arg_3_concept_5'&'arg_2_concept_5'&'arg_1_concept_5')},Divide(Subtract(?.v&?.v)&?.v):(arg_3_concept_5&arg_2_concept_5&arg_1_concept_5)->answer (v: 0.981),False,False,11,11,13:59:50
SPSP-S-4,2,[2][args:588-6-112-8],Skill,study,NA,Train,None,{('answer'&'arg_1_concept_2'&'arg_2_concept_2'&'arg_3_concept_2'&'arg_4_concept_2')},Divide(Divide(?.v&?.v)&Divide(?.v&?.v)):(arg_1_concept_2&arg_2_concept_2&arg_3_concept_2&arg_4_concept_2)->answer,False,False,None,7,14:01:22
SPSP-S-4,3,[3][args:162-6-3],Skill,study,NA,Train,None,{('answer'&'arg_1_concept_3'&'arg_2_concept_3'&'arg_3_concept_3')},Divide(Divide(?.v&?.v)&?.v):(arg_1_concept_3&arg_2_concept_3&arg_3_concept_3)->answer,False,False,None,9,14:02:03
SPSP-S-4,4,[4][args:3-12],Skill,study,NA,Train,None,{('answer'&)},1732.0:()->answer,False,False,None,1732,14:02:45
SPSP-S-4,5,[5][args:9-121-400],Skill,study,NA,Train,None,{('answer'&'arg_3_concept_5'&'arg_2_concept_5'&'arg_1_concept_5')},Divide(Subtract(?.v&?.v)&?.v):(arg_3_concept_5&arg_2_concept_5&arg_1_concept_5)->answer,False,False,None,31,14:03:25
SPSP-S-4,2,[2][args:126-3-54-9],Skill,practice,CORRECT,Request,...,{('answer'&'arg_1_concept_2'&'arg_2_concept_2'&'arg_3_concept_2'&'arg_4_concept_2')},Divide(Divide(?.v&?.v)&Divide(?.v&?.v)):(arg_1_concept_2&arg_2_concept_2&arg_3_concept_2&arg_4_concept_2)->answer (v: 0.970),False,False,7,7,14:03:25
SPSP-S-4,3,[3][args:312-13-4],Skill,practice,CORRECT,Request,...,{('answer'&'arg_1_concept_3'&'arg_2_concept_3'&'arg_3_concept_3')},Divide(Divide(?.v&?.v)&?.v):(arg_1_concept_3&arg_2_concept_3&arg_3_concept_3)->answer (v: 0.781),False,False,6,6,14:04:07
SPSP-S-4,4,[4][args:2-12],Skill,practice,CORRECT,Request,...,{('answer'&'arg_2_concept_4'&'arg_2_concept_4'&'arg_2_concept_4'&'arg_1_concept_4')},Add(Multiply(?.v&?.v)&Divide(?.v&?.v)):(arg_2_concept_4&arg_2_concept_4&arg_2_concept_4&arg_1_concept_4)->answer (v: 0.988),False,False,150,150,14:04:48
SPSP-S-4,5,[5][args:13-98-163],Skill,practice,CORRECT,Request,...,{('answer'&'arg_3_concept_5'&'arg_2_concept_5'&'arg_1_concept_5')},Divide(Subtract(?.v&?.v)&?.v):(arg_3_concept_5&arg_2_concept_5&arg_1_concept_5)->answer (v: 0.977),False,False,5,5,14:05:28
SPSP-S-4,2,[2][args:150-5-90-9],Skill,study,NA,Train,None,{('answer'&'arg_1_concept_2'&'arg_2_concept_2'&'arg_3_concept_2'&'arg_4_concept_2')},Divide(Divide(?.v&?.v)&Divide(?.v&?.v)):(arg_1_concept_2&arg_2_concept_2&arg_3_concept_2&arg_4_concept_2)->answer,False,False,None,3,14:06:56
SPSP-S-4,3,[3][args:1170-9-10],Skill,study,NA,Train,None,{('answer'&'arg_1_concept_3'&'arg_2_concept_3'&'arg_3_concept_3')},Divide(Divide(?.v&?.v)&?.v):(arg_1_concept_3&arg_2_concept_3&arg_3_concept_3)->answer,False,False,None,13,14:07:41
SPSP-S-4,4,[4][args:5-10],Skill,study,NA,Train,None,{('answer'&)},100002.0:()->answer,False,False,None,100002,14:08:23
SPSP-S-4,5,[5][args:5-151-256],Skill,study,NA,Train,None,{('answer'&'arg_3_concept_5'&'arg_2_concept_5'&'arg_1_concept_5')},Divide(Subtract(?.v&?.v)&?.v):(arg_3_concept_5&arg_2_concept_5&arg_1_concept_5)->answer,False,True,None,21,14:09:08
SPSP-S-4,2,[2][args:180-12-115-23],Skill,practice,CORRECT,Request,...,{('answer'&'arg_1_concept_2'&'arg_2_concept_2'&'arg_3_concept_2'&'arg_4_concept_2')},Divide(Divide(?.v&?.v)&Divide(?.v&?.v)):(arg_1_concept_2&arg_2_concept_2&arg_3_concept_2&arg_4_concept_2)->answer (v: 0.949),False,False,3,3,14:09:08
SPSP-S-4,3,[3][args:256-4-4],Skill,practice,CORRECT,Request,...,{('answer'&'arg_1_concept_3'&'arg_2_concept_3'&'arg_3_concept_3')},Divide(Divide(?.v&?.v)&?.v):(arg_1_concept_3&arg_2_concept_3&arg_3_concept_3)->answer (v: 0.976),False,False,16,16,14:09:51
SPSP-S-4,4,[4][args:2-6],Skill,practice,CORRECT,Request,...,{('answer'&'arg_2_concept_4'&'arg_2_concept_4'&'arg_2_concept_4'&'arg_1_concept_4')},Add(Multiply(?.v&?.v)&Divide(?.v&?.v)):(arg_2_concept_4&arg_2_concept_4&arg_2_concept_4&arg_1_concept_4)->answer (v: 0.983),False,False,39,39,14:10:35
SPSP-S-4,5,[5][args:21-110-656],Skill,practice,CORRECT,Request,...,{('answer'&'arg_3_concept_5'&'arg_2_concept_5'&'arg_1_concept_5')},Divide(Subtract(?.v&?.v)&?.v):(arg_3_concept_5&arg_2_concept_5&arg_1_concept_5)->answer (v: 0.974),False,False,26,26,14:11:18
SPSP-S-4,2,[2][args:165-3-143-13],Skill,posttest,CORRECT,Request,...,{('answer'&'arg_1_concept_2'&'arg_2_concept_2'&'arg_3_concept_2'&'arg_4_concept_2')},Divide(Divide(?.v&?.v)&Divide(?.v&?.v)):(arg_1_concept_2&arg_2_concept_2&arg_3_concept_2&arg_4_concept_2)->answer (v: 0.946),False,True,5,5,14:12:05
SPSP-S-4,4,[4][args:1-8],Skill,posttest,CORRECT,Request,...,{('answer'&'arg_2_concept_4'&'arg_1_concept_4'&'arg_2_concept_4'&'arg_1_concept_4')},Add(Divide(?.v&?.v)&Pow(?.v&?.v)):(arg_2_concept_4&arg_1_concept_4&arg_2_concept_4&arg_1_concept_4)->answer (v: 0.602),False,False,16,16,14:12:05
SPSP-S-4,3,[3][args:98-2-7],Skill,posttest,CORRECT,Request,...,{('answer'&'arg_1_concept_3'&'arg_2_concept_3'&'arg_3_concept_3')},Divide(Divide(?.v&?.v)&?.v):(arg_1_concept_3&arg_2_concept_3&arg_3_concept_3)->answer (v: 0.962),False,True,7,7,14:12:05
SPSP-S-4,3,[3][args:448-7-8],Skill,posttest,CORRECT,Request,...,{('answer'&'arg_1_concept_3'&'arg_2_concept_3'&'arg_3_concept_3')},Divide(Divide(?.v&?.v)&?.v):(arg_1_concept_3&arg_2_concept_3&arg_3_concept_3)->answer (v: 0.997),False,False,8,8,14:12:05
SPSP-S-4,4,[4][args:4-8],Skill,posttest,CORRECT,Request,...,{('answer'&'arg_2_concept_4'&'arg_1_concept_4'&'arg_2_concept_4'&'arg_1_concept_4')},Add(Divide(?.v&?.v)&Pow(?.v&?.v)):(arg_2_concept_4&arg_1_concept_4&arg_2_concept_4&arg_1_concept_4)->answer (v: 0.994),False,True,4098,4098,14:12:05
SPSP-S-4,5,[5][args:3-56-98],Skill,posttest,CORRECT,Request,...,{('answer'&'arg_3_concept_5'&'arg_2_concept_5'&'arg_1_concept_5')},Divide(Subtract(?.v&?.v)&?.v):(arg_3_concept_5&arg_2_concept_5&arg_1_concept_5)->answer (v: 0.972),False,True,14,14,14:12:05
SPSP-S-4,2,[2][args:360-6-135-9],Skill,posttest,CORRECT,Request,...,{('answer'&'arg_1_concept_2'&'arg_2_concept_2'&'arg_3_concept_2'&'arg_4_concept_2')},Divide(Divide(?.v&?.v)&Divide(?.v&?.v)):(arg_1_concept_2&arg_2_concept_2&arg_3_concept_2&arg_4_concept_2)->answer (v: 0.927),False,False,4,4,14:12:05
SPSP-S-4,4,[4][args:4-12],Skill,posttest,INCORRECT,Request,...,{('answer'&'arg_2_concept_4'&'arg_2_concept_4'&'arg_2_concept_4'&'arg_1_concept_4')},Add(Multiply(?.v&?.v)&Divide(?.v&?.v)):(arg_2_concept_4&arg_2_concept_4&arg_2_concept_4&arg_1_concept_4)->answer (v: 0.979),False,False,147,20739,14:12:05
SPSP-S-4,2,[2][args:110-5-121-11],Skill,posttest,CORRECT,Request,...,{('answer'&'arg_1_concept_2'&'arg_2_concept_2'&'arg_3_concept_2'&'arg_4_concept_2')},Divide(Divide(?.v&?.v)&Divide(?.v&?.v)):(arg_1_concept_2&arg_2_concept_2&arg_3_concept_2&arg_4_concept_2)->answer (v: 0.922),False,False,2,2,14:12:05
SPSP-S-4,3,[3][args:98-2-7],Skill,posttest,CORRECT,Request,...,{('answer'&'arg_1_concept_3'&'arg_2_concept_3'&'arg_3_concept_3')},Divide(Divide(?.v&?.v)&?.v):(arg_1_concept_3&arg_2_concept_3&arg_3_concept_3)->answer (v: 0.945),False,True,7,7,14:12:05
SPSP-S-4,3,[3][args:312-3-4],Skill,posttest,CORRECT,Request,...,{('answer'&'arg_1_concept_3'&'arg_2_concept_3'&'arg_3_concept_3')},Divide(Divide(?.v&?.v)&?.v):(arg_1_concept_3&arg_2_concept_3&arg_3_concept_3)->answer (v: 0.997),False,False,26,26,14:12:05
SPSP-S-4,4,[4][args:2-8],Skill,posttest,CORRECT,Request,...,{('answer'&'arg_2_concept_4'&'arg_1_concept_4'&'arg_2_concept_4'&'arg_1_concept_4')},Add(Divide(?.v&?.v)&Pow(?.v&?.v)):(arg_2_concept_4&arg_1_concept_4&arg_2_concept_4&arg_1_concept_4)->answer (v: 0.987),False,False,68,68,14:12:05
SPSP-S-4,3,[3][args:98-2-7],Skill,posttest,INCORRECT,Request,...,[1&0],HINT,False,True,None,7,14:12:05
SPSP-S-4,2,[2][args:165-3-143-13],Skill,posttest,CORRECT,Request,...,{('answer'&'arg_1_concept_2'&'arg_2_concept_2'&'arg_3_concept_2'&'arg_4_concept_2')},Divide(Divide(?.v&?.v)&Divide(?.v&?.v)):(arg_1_concept_2&arg_2_concept_2&arg_3_concept_2&arg_4_concept_2)->answer (v: 0.912),False,True,5,5,14:12:05
SPSP-S-4,5,[5][args:5-79-199],Skill,posttest,CORRECT,Request,...,{('answer'&'arg_3_concept_5'&'arg_2_concept_5'&'arg_1_concept_5')},Divide(Subtract(?.v&?.v)&?.v):(arg_3_concept_5&arg_2_concept_5&arg_1_concept_5)->answer (v: 0.968),False,False,24,24,14:12:05
SPSP-S-4,4,[4][args:4-8],Skill,posttest,CORRECT,Request,...,{('answer'&'arg_2_concept_4'&'arg_1_concept_4'&'arg_2_concept_4'&'arg_1_concept_4')},Add(Divide(?.v&?.v)&Pow(?.v&?.v)):(arg_2_concept_4&arg_1_concept_4&arg_2_concept_4&arg_1_concept_4)->answer (v: 0.985),False,True,4098,4098,14:12:05
SPSP-S-4,4,[4][args:4-8],Skill,posttest,CORRECT,Request,...,{('answer'&'arg_2_concept_4'&'arg_1_concept_4'&'arg_2_concept_4'&'arg_1_concept_4')},Add(Divide(?.v&?.v)&Pow(?.v&?.v)):(arg_2_concept_4&arg_1_concept_4&arg_2_concept_4&arg_1_concept_4)->answer (v: 0.997),False,True,4098,4098,14:12:05
SPSP-S-4,5,[5][args:18-93-291],Skill,posttest,CORRECT,Request,...,{('answer'&'arg_3_concept_5'&'arg_2_concept_5'&'arg_1_concept_5')},Divide(Subtract(?.v&?.v)&?.v):(arg_3_concept_5&arg_2_concept_5&arg_1_concept_5)->answer (v: 0.967),False,False,11,11,14:12:05
SPSP-S-4,5,[5][args:3-56-98],Skill,posttest,CORRECT,Request,...,{('answer'&'arg_3_concept_5'&'arg_2_concept_5'&'arg_1_concept_5')},Divide(Subtract(?.v&?.v)&?.v):(arg_3_concept_5&arg_2_concept_5&arg_1_concept_5)->answer (v: 0.997),False,True,14,14,14:12:05
SPSP-S-4,2,[2][args:216-4-87-29],Skill,posttest,CORRECT,Request,...,{('answer'&'arg_1_concept_2'&'arg_2_concept_2'&'arg_3_concept_2'&'arg_4_concept_2')},Divide(Divide(?.v&?.v)&Divide(?.v&?.v)):(arg_1_concept_2&arg_2_concept_2&arg_3_concept_2&arg_4_concept_2)->answer (v: 0.901),False,False,18,18,14:12:05
SPSP-S-4,3,[3][args:225-5-5],Skill,posttest,CORRECT,Request,...,{('answer'&'arg_1_concept_3'&'arg_2_concept_3'&'arg_3_concept_3')},Divide(Divide(?.v&?.v)&?.v):(arg_1_concept_3&arg_2_concept_3&arg_3_concept_3)->answer (v: 0.921),False,False,9,9,14:12:06
SPSP-S-4,5,[5][args:3-56-98],Skill,posttest,CORRECT,Request,...,{('answer'&'arg_3_concept_5'&'arg_2_concept_5'&'arg_1_concept_5')},Divide(Subtract(?.v&?.v)&?.v):(arg_3_concept_5&arg_2_concept_5&arg_1_concept_5)->answer (v: 0.966),False,True,14,14,14:12:06
SPSP-S-4,5,[5][args:13-37-154],Skill,posttest,CORRECT,Request,...,{('answer'&'arg_3_concept_5'&'arg_2_concept_5'&'arg_1_concept_5')},Divide(Subtract(?.v&?.v)&?.v):(arg_3_concept_5&arg_2_concept_5&arg_1_concept_5)->answer (v: 0.997),False,False,9,9,14:12:06
SPSP-S-4,2,[2][args:165-3-143-13],Skill,posttest,CORRECT,Request,...,{('answer'&'arg_1_concept_2'&'arg_2_concept_2'&'arg_3_concept_2'&'arg_4_concept_2')},Divide(Divide(?.v&?.v)&Divide(?.v&?.v)):(arg_1_concept_2&arg_2_concept_2&arg_3_concept_2&arg_4_concept_2)->answer (v: 0.893),False,True,5,5,14:12:06
SPPP-S-8,2,[2][args:88-11-48-6],Skill,practice,INCORRECT,Request,...,[0&0],HINT,False,True,None,1,14:12:06
SPPP-S-8,3,[3][args:162-6-3],Skill,practice,INCORRECT,Request,...,[0&0],HINT,False,True,None,9,14:12:06
SPPP-S-8,4,[4][args:5-10],Skill,practice,INCORRECT,Request,...,[0&0],HINT,False,True,None,100002,14:12:09
SPPP-S-8,5,[5][args:13-98-163],Skill,practice,INCORRECT,Request,...,[1&0],HINT,False,True,None,5,14:12:13
SPPP-S-8,2,[2][args:252-6-84-12],Skill,practice,INCORRECT,Request,...,{('answer'&'arg_4_concept_2'&'arg_4_concept_2')},Divide(?.v&?.v):(arg_4_concept_2&arg_4_concept_2)->answer (v: 0.679),False,False,1,6,14:12:13
SPPP-S-8,2,[2][args:252-6-84-12],Skill,practice,NA,Train,None,{('answer'&'arg_1_concept_2'&'arg_2_concept_2'&'arg_2_concept_2'&'arg_1_concept_2')&('answer'&'arg_4_concept_2'&'arg_3_concept_2'&'arg_1_concept_2'&'arg_2_concept_2')},Multiply(Divide(?.v&?.v)&Divide(?.v&?.v)):(arg_4_concept_2&arg_3_concept_2&arg_1_concept_2&arg_2_concept_2)->answer,False,False,None,6,14:12:22
SPPP-S-8,3,[3][args:280-7-8],Skill,practice,INCORRECT,Request,...,{('answer'&'arg_2_concept_3'&'arg_2_concept_3'&'arg_2_concept_3'&'arg_3_concept_3')},Subtract(Add(?.v&?.v)&Subtract(?.v&?.v)):(arg_2_concept_3&arg_2_concept_3&arg_2_concept_3&arg_3_concept_3)->answer (v: 0.679),False,False,15,5,14:12:23
SPPP-S-8,3,[3][args:280-7-8],Skill,practice,NA,Train,None,{('answer'&'arg_1_concept_3'&'arg_2_concept_3'&'arg_3_concept_3')},Divide(?.v&Multiply(?.v&?.v)):(arg_1_concept_3&arg_2_concept_3&arg_3_concept_3)->answer,False,False,None,5,14:12:38
SPPP-S-8,4,[4][args:3-21],Skill,practice,INCORRECT,Request,...,[1&1],HINT,False,False,None,9268,14:12:48
SPPP-S-8,5,[5][args:21-110-656],Skill,practice,CORRECT,Request,...,{('answer'&'arg_3_concept_5'&'arg_2_concept_5'&'arg_1_concept_5')},Divide(Subtract(?.v&?.v)&?.v):(arg_3_concept_5&arg_2_concept_5&arg_1_concept_5)->answer (v: 0.679),False,False,26,26,14:12:48
SPPP-S-8,2,[2][args:588-6-112-8],Skill,practice,INCORRECT,Request,...,{('answer'&)},9268.0:()->answer (v: 0.726),False,False,9268.0,7,14:12:57
SPPP-S-8,2,[2][args:588-6-112-8],Skill,practice,NA,Train,None,{('answer'&'arg_1_concept_2'&'arg_2_concept_2'&'arg_2_concept_2'&'arg_1_concept_2')&('answer'&'arg_4_concept_2'&'arg_3_concept_2'&'arg_1_concept_2'&'arg_2_concept_2')},Multiply(Divide(?.v&?.v)&Divide(?.v&?.v)):(arg_4_concept_2&arg_3_concept_2&arg_1_concept_2&arg_2_concept_2)->answer,False,False,None,7,14:14:41
SPPP-S-8,3,[3][args:312-13-4],Skill,practice,INCORRECT,Request,...,{('answer'&'arg_2_concept_3'&'arg_2_concept_3'&'arg_2_concept_3'&'arg_3_concept_3')},Subtract(Add(?.v&?.v)&Subtract(?.v&?.v)):(arg_2_concept_3&arg_2_concept_3&arg_2_concept_3&arg_3_concept_3)->answer (v: 0.990),False,False,17,6,14:14:41
SPPP-S-8,3,[3][args:312-13-4],Skill,practice,NA,Train,None,{('answer'&'arg_1_concept_3'&'arg_2_concept_3'&'arg_3_concept_3')},Divide(?.v&Multiply(?.v&?.v)):(arg_1_concept_3&arg_2_concept_3&arg_3_concept_3)->answer,False,False,None,6,14:15:04
SPPP-S-8,4,[4][args:4-4],Skill,practice,INCORRECT,Request,...,[2&2],HINT,False,False,None,257,14:15:17
SPPP-S-8,5,[5][args:25-63-338],Skill,practice,CORRECT,Request,...,{('answer'&'arg_3_concept_5'&'arg_2_concept_5'&'arg_1_concept_5')},Divide(Subtract(?.v&?.v)&?.v):(arg_3_concept_5&arg_2_concept_5&arg_1_concept_5)->answer (v: 0.990),False,False,11,11,14:15:17
SPPP-S-8,2,[2][args:504-4-98-14],Skill,practice,CORRECT,Request,...,{('answer'&'arg_1_concept_2'&'arg_2_concept_2'&'arg_2_concept_2'&'arg_1_concept_2')&('answer'&'arg_4_concept_2'&'arg_3_concept_2'&'arg_1_concept_2'&'arg_2_concept_2')},Multiply(Divide(?.v&?.v)&Divide(?.v&?.v)):(arg_4_concept_2&arg_3_concept_2&arg_1_concept_2&arg_2_concept_2)->answer (v: 0.746),False,False,18,18,14:15:32
SPPP-S-8,3,[3][args:99-11-3],Skill,practice,CORRECT,Request,...,{('answer'&'arg_1_concept_3'&'arg_2_concept_3'&'arg_3_concept_3')},Divide(?.v&Multiply(?.v&?.v)):(arg_1_concept_3&arg_2_concept_3&arg_3_concept_3)->answer (v: 0.755),False,False,3,3,14:15:47
SPPP-S-8,4,[4][args:1-13],Skill,practice,INCORRECT,Request,...,[2&1],HINT,False,False,None,26,14:16:18
SPPP-S-8,5,[5][args:15-142-322],Skill,practice,CORRECT,Request,...,{('answer'&'arg_3_concept_5'&'arg_2_concept_5'&'arg_1_concept_5')},Divide(Subtract(?.v&?.v)&?.v):(arg_3_concept_5&arg_2_concept_5&arg_1_concept_5)->answer (v: 0.986),False,False,12,12,14:16:18
SPPP-S-8,2,[2][args:150-5-90-9],Skill,practice,CORRECT,Request,...,{('answer'&'arg_1_concept_2'&'arg_2_concept_2'&'arg_2_concept_2'&'arg_1_concept_2')&('answer'&'arg_4_concept_2'&'arg_3_concept_2'&'arg_1_concept_2'&'arg_2_concept_2')},Multiply(Divide(?.v&?.v)&Divide(?.v&?.v)):(arg_4_concept_2&arg_3_concept_2&arg_1_concept_2&arg_2_concept_2)->answer (v: 0.987),False,False,3,3,14:16:38
SPPP-S-8,3,[3][args:256-4-4],Skill,practice,CORRECT,Request,...,{('answer'&'arg_1_concept_3'&'arg_2_concept_3'&'arg_3_concept_3')},Divide(?.v&Multiply(?.v&?.v)):(arg_1_concept_3&arg_2_concept_3&arg_3_concept_3)->answer (v: 0.987),False,False,16,16,14:16:56
SPPP-S-8,4,[4][args:2-18],Skill,practice,INCORRECT,Request,...,[3&2],HINT,False,False,None,333,14:17:32
SPPP-S-8,5,[5][args:16-117-421],Skill,practice,CORRECT,Request,...,{('answer'&'arg_3_concept_5'&'arg_2_concept_5'&'arg_1_concept_5')},Divide(Subtract(?.v&?.v)&?.v):(arg_3_concept_5&arg_2_concept_5&arg_1_concept_5)->answer (v: 0.983),False,False,19,19,14:17:32
SPPP-S-8,2,[2][args:126-3-54-9],Skill,practice,CORRECT,Request,...,{('answer'&'arg_1_concept_2'&'arg_2_concept_2'&'arg_2_concept_2'&'arg_1_concept_2')&('answer'&'arg_4_concept_2'&'arg_3_concept_2'&'arg_1_concept_2'&'arg_2_concept_2')},Multiply(Divide(?.v&?.v)&Divide(?.v&?.v)):(arg_4_concept_2&arg_3_concept_2&arg_1_concept_2&arg_2_concept_2)->answer (v: 0.977),False,False,7,7,14:17:54
SPPP-S-8,3,[3][args:308-4-7],Skill,practice,CORRECT,Request,...,{('answer'&'arg_1_concept_3'&'arg_2_concept_3'&'arg_3_concept_3')},Divide(?.v&Multiply(?.v&?.v)):(arg_1_concept_3&arg_2_concept_3&arg_3_concept_3)->answer (v: 0.977),False,False,11,11,14:18:16
SPPP-S-8,4,[4][args:4-8],Skill,practice,INCORRECT,Request,...,{('answer'&'arg_2_concept_4'&'arg_2_concept_4'&'arg_2_concept_4'&'arg_1_concept_4')},Add(Multiply(?.v&?.v)&Divide(?.v&?.v)):(arg_2_concept_4&arg_2_concept_4&arg_2_concept_4&arg_1_concept_4)->answer (v: 0.700),False,False,66,4098,14:18:37
SPPP-S-8,4,[4][args:4-8],Skill,practice,NA,Train,None,{('answer'&'arg_2_concept_4'&'arg_1_concept_4'&'arg_2_concept_4'&'arg_1_concept_4')},Add(Divide(?.v&?.v)&Pow(?.v&?.v)):(arg_2_concept_4&arg_1_concept_4&arg_2_concept_4&arg_1_concept_4)->answer,False,False,None,4098,14:19:21
SPPP-S-8,5,[5][args:23-16-200],Skill,practice,CORRECT,Request,...,{('answer'&'arg_3_concept_5'&'arg_2_concept_5'&'arg_1_concept_5')},Divide(Subtract(?.v&?.v)&?.v):(arg_3_concept_5&arg_2_concept_5&arg_1_concept_5)->answer (v: 0.980),False,False,8,8,14:19:21
SPPP-S-8,2,[2][args:165-3-143-13],Skill,practice,CORRECT,Request,...,{('answer'&'arg_1_concept_2'&'arg_2_concept_2'&'arg_2_concept_2'&'arg_1_concept_2')&('answer'&'arg_4_concept_2'&'arg_3_concept_2'&'arg_1_concept_2'&'arg_2_concept_2')},Multiply(Divide(?.v&?.v)&Divide(?.v&?.v)):(arg_4_concept_2&arg_3_concept_2&arg_1_concept_2&arg_2_concept_2)->answer (v: 0.968),False,False,5,5,14:19:49
SPPP-S-8,3,[3][args:98-2-7],Skill,practice,CORRECT,Request,...,{('answer'&'arg_1_concept_3'&'arg_2_concept_3'&'arg_3_concept_3')},Divide(?.v&Multiply(?.v&?.v)):(arg_1_concept_3&arg_2_concept_3&arg_3_concept_3)->answer (v: 0.968),False,False,7,7,14:20:17
SPPP-S-8,4,[4][args:2-6],Skill,practice,CORRECT,Request,...,{('answer'&'arg_2_concept_4'&'arg_2_concept_4'&'arg_2_concept_4'&'arg_1_concept_4')},Add(Multiply(?.v&?.v)&Divide(?.v&?.v)):(arg_2_concept_4&arg_2_concept_4&arg_2_concept_4&arg_1_concept_4)->answer (v: 0.992),False,False,39,39,14:20:44
SPPP-S-8,5,[5][args:5-151-256],Skill,practice,CORRECT,Request,...,{('answer'&'arg_3_concept_5'&'arg_2_concept_5'&'arg_1_concept_5')},Divide(Subtract(?.v&?.v)&?.v):(arg_3_concept_5&arg_2_concept_5&arg_1_concept_5)->answer (v: 0.979),False,False,21,21,14:21:12
SPPP-S-8,2,[2][args:441-7-372-124],Skill,practice,CORRECT,Request,...,{('answer'&'arg_1_concept_2'&'arg_2_concept_2'&'arg_2_concept_2'&'arg_1_concept_2')&('answer'&'arg_4_concept_2'&'arg_3_concept_2'&'arg_1_concept_2'&'arg_2_concept_2')},Multiply(Divide(?.v&?.v)&Divide(?.v&?.v)):(arg_4_concept_2&arg_3_concept_2&arg_1_concept_2&arg_2_concept_2)->answer (v: 0.961),False,False,21,21,14:21:45
SPPP-S-8,3,[3][args:1170-9-10],Skill,practice,CORRECT,Request,...,{('answer'&'arg_1_concept_3'&'arg_2_concept_3'&'arg_3_concept_3')},Divide(?.v&Multiply(?.v&?.v)):(arg_1_concept_3&arg_2_concept_3&arg_3_concept_3)->answer (v: 0.962),False,False,13,13,14:22:20
SPPP-S-8,4,[4][args:2-12],Skill,practice,INCORRECT,Request,...,[6&5],HINT,False,False,None,150,14:23:29
SPPP-S-8,5,[5][args:7-356-475],Skill,practice,INCORRECT,Request,...,[1&0],HINT,False,False,None,17,14:24:08
SPPP-S-8,2,[2][args:240-5-72-24],Skill,practice,CORRECT,Request,...,{('answer'&'arg_1_concept_2'&'arg_2_concept_2'&'arg_2_concept_2'&'arg_1_concept_2')&('answer'&'arg_4_concept_2'&'arg_3_concept_2'&'arg_1_concept_2'&'arg_2_concept_2')},Multiply(Divide(?.v&?.v)&Divide(?.v&?.v)):(arg_4_concept_2&arg_3_concept_2&arg_1_concept_2&arg_2_concept_2)->answer (v: 0.952),False,False,16,16,14:24:08
SPPP-S-8,3,[3][args:495-9-5],Skill,practice,CORRECT,Request,...,{('answer'&'arg_1_concept_3'&'arg_2_concept_3'&'arg_3_concept_3')},Divide(?.v&Multiply(?.v&?.v)):(arg_1_concept_3&arg_2_concept_3&arg_3_concept_3)->answer (v: 0.952),False,False,11,11,14:24:45
SPPP-S-8,4,[4][args:3-9],Skill,practice,INCORRECT,Request,...,[6&5],HINT,False,False,None,732,14:26:02
SPPP-S-8,5,[5][args:9-121-400],Skill,practice,CORRECT,Request,...,{('answer'&'arg_3_concept_5'&'arg_2_concept_5'&'arg_1_concept_5')},Divide(Subtract(?.v&?.v)&?.v):(arg_3_concept_5&arg_2_concept_5&arg_1_concept_5)->answer (v: 0.974),False,False,31,31,14:26:02
SPPP-S-8,2,[2][args:180-12-115-23],Skill,practice,INCORRECT,Request,...,[3&2],HINT,False,False,None,3,14:27:20
SPPP-S-8,3,[3][args:648-12-6],Skill,practice,CORRECT,Request,...,{('answer'&'arg_1_concept_3'&'arg_2_concept_3'&'arg_3_concept_3')},Divide(?.v&Multiply(?.v&?.v)):(arg_1_concept_3&arg_2_concept_3&arg_3_concept_3)->answer (v: 0.944),False,False,9,9,14:27:20
SPPP-S-8,4,[4][args:3-12],Skill,practice,INCORRECT,Request,...,[8&7],HINT,False,False,None,1732,14:28:37
SPPP-S-8,5,[5][args:3-56-98],Skill,practice,CORRECT,Request,...,{('answer'&'arg_3_concept_5'&'arg_2_concept_5'&'arg_1_concept_5')},Divide(Subtract(?.v&?.v)&?.v):(arg_3_concept_5&arg_2_concept_5&arg_1_concept_5)->answer (v: 0.972),False,False,14,14,14:28:37
SPPP-S-8,2,[2][args:88-11-48-6],Skill,posttest,CORRECT,Request,...,{('answer'&'arg_4_concept_2'&'arg_4_concept_2')},Divide(?.v&?.v):(arg_4_concept_2&arg_4_concept_2)->answer (v: 0.969),False,True,1,1,14:29:14
SPPP-S-8,2,[2][args:288-12-18-9],Skill,posttest,INCORRECT,Request,...,{('answer'&)},1732.0:()->answer (v: 0.711),False,False,1732.0,12,14:29:14
SPPP-S-8,4,[4][args:5-10],Skill,posttest,INCORRECT,Request,...,[1&0],HINT,False,True,None,100002,14:29:15
SPPP-S-8,3,[3][args:693-7-3],Skill,posttest,CORRECT,Request,...,{('answer'&'arg_1_concept_3'&'arg_2_concept_3'&'arg_3_concept_3')},Divide(?.v&Multiply(?.v&?.v)):(arg_1_concept_3&arg_2_concept_3&arg_3_concept_3)->answer (v: 0.935),False,False,33,33,14:29:15
SPPP-S-8,3,[3][args:162-6-3],Skill,posttest,CORRECT,Request,...,{('answer'&'arg_1_concept_3'&'arg_2_concept_3'&'arg_3_concept_3')},Divide(?.v&Multiply(?.v&?.v)):(arg_1_concept_3&arg_2_concept_3&arg_3_concept_3)->answer (v: 0.997),False,True,9,9,14:29:15
SPPP-S-8,3,[3][args:162-6-3],Skill,posttest,CORRECT,Request,...,{('answer'&'arg_1_concept_3'&'arg_2_concept_3'&'arg_3_concept_3')},Divide(?.v&Multiply(?.v&?.v)):(arg_1_concept_3&arg_2_concept_3&arg_3_concept_3)->answer (v: 0.997),False,True,9,9,14:29:15
SPPP-S-8,2,[2][args:110-5-121-11],Skill,posttest,INCORRECT,Request,...,{('answer'&)},1732.0:()->answer (v: 0.992),False,False,1732.0,2,14:29:15
SPPP-S-8,3,[3][args:840-2-10],Skill,posttest,CORRECT,Request,...,{('answer'&'arg_1_concept_3'&'arg_2_concept_3'&'arg_3_concept_3')},Divide(?.v&Multiply(?.v&?.v)):(arg_1_concept_3&arg_2_concept_3&arg_3_concept_3)->answer (v: 0.930),False,False,42,42,14:29:15
SPPP-S-8,3,[3][args:312-3-4],Skill,posttest,CORRECT,Request,...,{('answer'&'arg_1_concept_3'&'arg_2_concept_3'&'arg_3_concept_3')},Divide(?.v&Multiply(?.v&?.v)):(arg_1_concept_3&arg_2_concept_3&arg_3_concept_3)->answer (v: 0.997),False,False,26,26,14:29:15
SPPP-S-8,5,[5][args:13-98-163],Skill,posttest,INCORRECT,Request,...,[1&0],HINT,False,True,None,5,14:29:15
SPPP-S-8,5,[5][args:13-98-163],Skill,posttest,CORRECT,Request,...,{('answer'&'arg_3_concept_5'&'arg_2_concept_5'&'arg_1_concept_5')},Divide(Subtract(?.v&?.v)&?.v):(arg_3_concept_5&arg_2_concept_5&arg_1_concept_5)->answer (v: 0.968),False,True,5,5,14:29:15
SPPP-S-8,4,[4][args:4-12],Skill,posttest,INCORRECT,Request,...,{('answer'&)},1732.0:()->answer (v: 0.988),False,False,1732.0,20739,14:29:15
SPPP-S-8,2,[2][args:88-11-48-6],Skill,posttest,CORRECT,Request,...,{('answer'&'arg_4_concept_2'&'arg_4_concept_2')},Divide(?.v&?.v):(arg_4_concept_2&arg_4_concept_2)->answer (v: 0.965),False,True,1,1,14:29:15
SPPP-S-8,4,[4][args:2-8],Skill,posttest,CORRECT,Request,...,{('answer'&'arg_2_concept_4'&'arg_1_concept_4'&'arg_2_concept_4'&'arg_1_concept_4')},Add(Divide(?.v&?.v)&Pow(?.v&?.v)):(arg_2_concept_4&arg_1_concept_4&arg_2_concept_4&arg_1_concept_4)->answer (v: 0.650),False,False,68,68,14:29:15
SPPP-S-8,4,[4][args:5-10],Skill,posttest,INCORRECT,Request,...,{('answer'&)},100002.0:()->answer (v: 0.587),False,True,100002.0,100002,14:29:15
SPPP-S-8,4,[4][args:5-10],Skill,posttest,INCORRECT,Request,...,{('answer'&)},100002.0:()->answer (v: 0.997),False,True,100002.0,100002,14:29:15
SPPP-S-8,2,[2][args:216-4-87-29],Skill,posttest,INCORRECT,Request,...,{('answer'&)},1732.0:()->answer (v: 0.984),False,False,1732.0,18,14:29:15
SPPP-S-8,3,[3][args:162-6-3],Skill,posttest,CORRECT,Request,...,{('answer'&'arg_1_concept_3'&'arg_2_concept_3'&'arg_3_concept_3')},Divide(?.v&Multiply(?.v&?.v)):(arg_1_concept_3&arg_2_concept_3&arg_3_concept_3)->answer (v: 0.918),False,True,9,9,14:29:15
SPPP-S-8,5,[5][args:18-93-291],Skill,posttest,CORRECT,Request,...,{('answer'&'arg_3_concept_5'&'arg_2_concept_5'&'arg_1_concept_5')},Divide(Subtract(?.v&?.v)&?.v):(arg_3_concept_5&arg_2_concept_5&arg_1_concept_5)->answer (v: 0.965),False,False,11,11,14:29:15
SPPP-S-8,5,[5][args:13-98-163],Skill,posttest,CORRECT,Request,...,{('answer'&'arg_3_concept_5'&'arg_2_concept_5'&'arg_1_concept_5')},Divide(Subtract(?.v&?.v)&?.v):(arg_3_concept_5&arg_2_concept_5&arg_1_concept_5)->answer (v: 0.997),False,True,5,5,14:29:15
SPPP-S-8,5,[5][args:13-37-154],Skill,posttest,CORRECT,Request,...,{('answer'&'arg_3_concept_5'&'arg_2_concept_5'&'arg_1_concept_5')},Divide(Subtract(?.v&?.v)&?.v):(arg_3_concept_5&arg_2_concept_5&arg_1_concept_5)->answer (v: 0.997),False,False,9,9,14:29:15
SPPP-S-8,2,[2][args:88-11-48-6],Skill,posttest,CORRECT,Request,...,{('answer'&'arg_4_concept_2'&'arg_4_concept_2')},Divide(?.v&?.v):(arg_4_concept_2&arg_4_concept_2)->answer (v: 0.963),False,True,1,1,14:29:15
SPPP-S-8,4,[4][args:3-15],Skill,posttest,INCORRECT,Request,...,{('answer'&'arg_1_concept_4'&'arg_2_concept_4'&'arg_1_concept_4')},Add(?.v&Pow(?.v&?.v)):(arg_1_concept_4&arg_2_concept_4&arg_1_concept_4)->answer (v: 0.621),False,False,None,3380,14:29:15
SPPP-S-8,5,[5][args:23-423-584],Skill,posttest,CORRECT,Request,...,{('answer'&'arg_3_concept_5'&'arg_2_concept_5'&'arg_1_concept_5')},Divide(Subtract(?.v&?.v)&?.v):(arg_3_concept_5&arg_2_concept_5&arg_1_concept_5)->answer (v: 0.964),False,False,7,7,14:29:15
SPSP-S-8,2,[2][args:588-6-112-8],Skill,study,NA,Train,None,{('answer'&'arg_4_concept_2'&'arg_4_concept_2'&'arg_4_concept_2')},Subtract(?.v&Divide(?.v&?.v)):(arg_4_concept_2&arg_4_concept_2&arg_4_concept_2)->answer,False,True,None,7,14:29:16
SPSP-S-8,3,[3][args:312-13-4],Skill,study,NA,Train,None,{('answer'&'arg_1_concept_3'&'arg_2_concept_3'&'arg_3_concept_3')},Divide(?.v&Multiply(?.v&?.v)):(arg_1_concept_3&arg_2_concept_3&arg_3_concept_3)->answer,False,True,None,6,14:29:16
SPSP-S-8,4,[4][args:1-13],Skill,study,NA,Train,None,{('answer'&'arg_2_concept_4'&'arg_2_concept_4')},Add(?.v&?.v):(arg_2_concept_4&arg_2_concept_4)->answer,False,True,None,26,14:29:16
SPSP-S-8,5,[5][args:23-16-200],Skill,study,NA,Train,None,{('answer'&'arg_2_concept_5'&'arg_2_concept_5'&'arg_2_concept_5'&'arg_1_concept_5')},Subtract(Divide(?.v&?.v)&Subtract(?.v&?.v)):(arg_2_concept_5&arg_2_concept_5&arg_2_concept_5&arg_1_concept_5)->answer,False,True,None,8,14:29:17
SPSP-S-8,2,[2][args:252-6-84-12],Skill,practice,INCORRECT,Request,...,{('answer'&'arg_4_concept_2'&'arg_4_concept_2'&'arg_4_concept_2')},Subtract(?.v&Divide(?.v&?.v)):(arg_4_concept_2&arg_4_concept_2&arg_4_concept_2)->answer (v: 0.700),False,False,11,6,14:29:17
SPSP-S-8,2,[2][args:252-6-84-12],Skill,practice,NA,Train,None,{('answer'&'arg_2_concept_2'&'arg_2_concept_2'&'arg_4_concept_2'&'arg_2_concept_2')},Subtract(Add(?.v&?.v)&Subtract(?.v&?.v)):(arg_2_concept_2&arg_2_concept_2&arg_4_concept_2&arg_2_concept_2)->answer,False,False,None,6,14:29:28
SPSP-S-8,3,[3][args:98-2-7],Skill,practice,CORRECT,Request,...,{('answer'&'arg_1_concept_3'&'arg_2_concept_3'&'arg_3_concept_3')},Divide(?.v&Multiply(?.v&?.v)):(arg_1_concept_3&arg_2_concept_3&arg_3_concept_3)->answer (v: 0.692),False,False,7,7,14:29:28
SPSP-S-8,4,[4][args:3-12],Skill,practice,INCORRECT,Request,...,{('answer'&'arg_2_concept_4'&'arg_2_concept_4')},Add(?.v&?.v):(arg_2_concept_4&arg_2_concept_4)->answer (v: 0.692),False,False,24,1732,14:29:39
SPSP-S-8,4,[4][args:3-12],Skill,practice,NA,Train,None,{('answer'&)},1732.0:()->answer,False,False,None,1732,14:30:02
SPSP-S-8,5,[5][args:25-63-338],Skill,practice,INCORRECT,Request,...,{('answer'&'arg_2_concept_5'&'arg_2_concept_5'&'arg_2_concept_5'&'arg_1_concept_5')},Subtract(Divide(?.v&?.v)&Subtract(?.v&?.v)):(arg_2_concept_5&arg_2_concept_5&arg_2_concept_5&arg_1_concept_5)->answer (v: 0.685),False,False,-37,11,14:30:02
SPSP-S-8,5,[5][args:25-63-338],Skill,practice,NA,Train,None,{('answer'&'arg_3_concept_5'&'arg_2_concept_5'&'arg_1_concept_5')},Divide(Subtract(?.v&?.v)&?.v):(arg_3_concept_5&arg_2_concept_5&arg_1_concept_5)->answer,False,False,None,11,14:30:27
SPSP-S-8,2,[2][args:126-3-54-9],Skill,study,NA,Train,None,{('answer'&'arg_1_concept_2'&'arg_3_concept_2'&'arg_2_concept_2')},Divide(?.v&Divide(?.v&?.v)):(arg_1_concept_2&arg_3_concept_2&arg_2_concept_2)->answer,False,False,None,7,14:30:41
SPSP-S-8,3,[3][args:99-11-3],Skill,study,NA,Train,None,{('answer'&'arg_1_concept_3'&'arg_2_concept_3'&'arg_3_concept_3')},Divide(?.v&Multiply(?.v&?.v)):(arg_1_concept_3&arg_2_concept_3&arg_3_concept_3)->answer,False,False,None,3,14:30:55
SPSP-S-8,4,[4][args:4-4],Skill,study,NA,Train,None,{('answer'&'arg_1_concept_4'&'arg_1_concept_4'&'arg_1_concept_4'&'arg_1_concept_4')},Add(Divide(?.v&?.v)&Pow(?.v&?.v)):(arg_1_concept_4&arg_1_concept_4&arg_1_concept_4&arg_1_concept_4)->answer,False,False,None,257,14:31:10
SPSP-S-8,5,[5][args:7-356-475],Skill,study,NA,Train,None,{('answer'&'arg_3_concept_5'&'arg_2_concept_5'&'arg_1_concept_5')},Divide(Subtract(?.v&?.v)&?.v):(arg_3_concept_5&arg_2_concept_5&arg_1_concept_5)->answer,False,False,None,17,14:31:28
SPSP-S-8,2,[2][args:180-12-115-23],Skill,practice,INCORRECT,Request,...,{('answer'&'arg_1_concept_2'&'arg_3_concept_2'&'arg_2_concept_2')},Divide(?.v&Divide(?.v&?.v)):(arg_1_concept_2&arg_3_concept_2&arg_2_concept_2)->answer (v: 0.700),False,False,18.782608695652172,3,14:31:28
SPSP-S-8,2,[2][args:180-12-115-23],Skill,practice,NA,Train,None,{('answer'&'arg_1_concept_2'&'arg_3_concept_2'&'arg_2_concept_2'&'arg_4_concept_2')},Divide(Divide(?.v&?.v)&Divide(?.v&?.v)):(arg_1_concept_2&arg_3_concept_2&arg_2_concept_2&arg_4_concept_2)->answer,False,False,None,3,14:32:04
SPSP-S-8,3,[3][args:308-4-7],Skill,practice,CORRECT,Request,...,{('answer'&'arg_1_concept_3'&'arg_2_concept_3'&'arg_3_concept_3')},Divide(?.v&Multiply(?.v&?.v)):(arg_1_concept_3&arg_2_concept_3&arg_3_concept_3)->answer (v: 0.987),False,False,11,11,14:32:04
SPSP-S-8,4,[4][args:4-8],Skill,practice,INCORRECT,Request,...,{('answer'&'arg_1_concept_4'&'arg_1_concept_4'&'arg_1_concept_4'&'arg_1_concept_4')},Add(Divide(?.v&?.v)&Pow(?.v&?.v)):(arg_1_concept_4&arg_1_concept_4&arg_1_concept_4&arg_1_concept_4)->answer (v: 0.692),False,False,257,4098,14:32:26
SPSP-S-8,4,[4][args:4-8],Skill,practice,NA,Train,None,{('answer'&'arg_2_concept_4'&'arg_1_concept_4'&'arg_2_concept_4'&'arg_1_concept_4')},Add(Divide(?.v&?.v)&Pow(?.v&?.v)):(arg_2_concept_4&arg_1_concept_4&arg_2_concept_4&arg_1_concept_4)->answer,False,False,None,4098,14:33:11
SPSP-S-8,5,[5][args:3-56-98],Skill,practice,CORRECT,Request,...,{('answer'&'arg_3_concept_5'&'arg_2_concept_5'&'arg_1_concept_5')},Divide(Subtract(?.v&?.v)&?.v):(arg_3_concept_5&arg_2_concept_5&arg_1_concept_5)->answer (v: 0.752),False,False,14,14,14:33:12
SPSP-S-8,2,[2][args:165-3-143-13],Skill,study,NA,Train,None,{('answer'&'arg_1_concept_2'&'arg_3_concept_2'&'arg_2_concept_2'&'arg_4_concept_2')&('answer'&'arg_1_concept_2'&'arg_2_concept_2'&'arg_3_concept_2'&'arg_4_concept_2')},Divide(Divide(?.v&?.v)&Divide(?.v&?.v)):(arg_1_concept_2&arg_2_concept_2&arg_3_concept_2&arg_4_concept_2)->answer,False,False,None,5,14:34:08
SPSP-S-8,3,[3][args:648-12-6],Skill,study,NA,Train,None,{('answer'&'arg_1_concept_3'&'arg_2_concept_3'&'arg_3_concept_3')},Divide(?.v&Multiply(?.v&?.v)):(arg_1_concept_3&arg_2_concept_3&arg_3_concept_3)->answer,False,False,None,9,14:34:36
SPSP-S-8,4,[4][args:2-18],Skill,study,NA,Train,None,{('answer'&'arg_2_concept_4'&'arg_2_concept_4'&'arg_2_concept_4'&'arg_1_concept_4')},Add(Multiply(?.v&?.v)&Divide(?.v&?.v)):(arg_2_concept_4&arg_2_concept_4&arg_2_concept_4&arg_1_concept_4)->answer,False,False,None,333,14:35:03
SPSP-S-8,5,[5][args:13-98-163],Skill,study,NA,Train,None,{('answer'&'arg_3_concept_5'&'arg_2_concept_5'&'arg_1_concept_5')},Divide(Subtract(?.v&?.v)&?.v):(arg_3_concept_5&arg_2_concept_5&arg_1_concept_5)->answer,False,True,None,5,14:35:35
SPSP-S-8,2,[2][args:150-5-90-9],Skill,practice,CORRECT,Request,...,{('answer'&'arg_1_concept_2'&'arg_3_concept_2'&'arg_2_concept_2'&'arg_4_concept_2')&('answer'&'arg_1_concept_2'&'arg_2_concept_2'&'arg_3_concept_2'&'arg_4_concept_2')},Divide(Divide(?.v&?.v)&Divide(?.v&?.v)):(arg_1_concept_2&arg_3_concept_2&arg_2_concept_2&arg_4_concept_2)->answer (v: 0.669),False,False,3,3,14:35:35
SPSP-S-8,3,[3][args:1170-9-10],Skill,practice,CORRECT,Request,...,{('answer'&'arg_1_concept_3'&'arg_2_concept_3'&'arg_3_concept_3')},Divide(?.v&Multiply(?.v&?.v)):(arg_1_concept_3&arg_2_concept_3&arg_3_concept_3)->answer (v: 0.981),False,False,13,13,14:36:09
SPSP-S-8,4,[4][args:5-10],Skill,practice,INCORRECT,Request,...,{('answer'&'arg_2_concept_4'&'arg_2_concept_4'&'arg_2_concept_4'&'arg_1_concept_4')},Add(Multiply(?.v&?.v)&Divide(?.v&?.v)):(arg_2_concept_4&arg_2_concept_4&arg_2_concept_4&arg_1_concept_4)->answer (v: 0.700),False,True,102,100002,14:36:40
SPSP-S-8,4,[4][args:5-10],Skill,practice,NA,Train,None,{('answer'&)},100002.0:()->answer,False,True,None,100002,14:37:46
SPSP-S-8,5,[5][args:21-110-656],Skill,practice,CORRECT,Request,...,{('answer'&'arg_3_concept_5'&'arg_2_concept_5'&'arg_1_concept_5')},Divide(Subtract(?.v&?.v)&?.v):(arg_3_concept_5&arg_2_concept_5&arg_1_concept_5)->answer (v: 0.978),False,False,26,26,14:37:46
SPSP-S-8,2,[2][args:88-11-48-6],Skill,study,NA,Train,None,{('answer'&'arg_1_concept_2'&'arg_3_concept_2'&'arg_2_concept_2'&'arg_4_concept_2')&('answer'&'arg_1_concept_2'&'arg_2_concept_2'&'arg_3_concept_2'&'arg_4_concept_2')},Divide(Divide(?.v&?.v)&Divide(?.v&?.v)):(arg_1_concept_2&arg_2_concept_2&arg_3_concept_2&arg_4_concept_2)->answer,False,True,None,1,14:38:58
SPSP-S-8,3,[3][args:256-4-4],Skill,study,NA,Train,None,{('answer'&'arg_1_concept_3'&'arg_2_concept_3'&'arg_3_concept_3')},Divide(?.v&Multiply(?.v&?.v)):(arg_1_concept_3&arg_2_concept_3&arg_3_concept_3)->answer,False,False,None,16,14:39:33
SPSP-S-8,4,[4][args:2-12],Skill,study,NA,Train,None,{('answer'&'arg_2_concept_4'&'arg_2_concept_4'&'arg_2_concept_4'&'arg_1_concept_4')},Add(Multiply(?.v&?.v)&Divide(?.v&?.v)):(arg_2_concept_4&arg_2_concept_4&arg_2_concept_4&arg_1_concept_4)->answer,False,False,None,150,14:40:07
SPSP-S-8,5,[5][args:16-117-421],Skill,study,NA,Train,None,{('answer'&'arg_3_concept_5'&'arg_2_concept_5'&'arg_1_concept_5')},Divide(Subtract(?.v&?.v)&?.v):(arg_3_concept_5&arg_2_concept_5&arg_1_concept_5)->answer,False,False,None,19,14:40:45
SPSP-S-8,2,[2][args:504-4-98-14],Skill,practice,INCORRECT,Request,...,{('answer'&'arg_1_concept_2'&'arg_3_concept_2'&'arg_2_concept_2'&'arg_4_concept_2')&('answer'&'arg_1_concept_2'&'arg_2_concept_2'&'arg_3_concept_2'&'arg_4_concept_2')},Divide(Divide(?.v&?.v)&Divide(?.v&?.v)):(arg_1_concept_2&arg_3_concept_2&arg_2_concept_2&arg_4_concept_2)->answer (v: 0.988),False,False,18.000000000000004,18,14:40:45
SPSP-S-8,2,[2][args:504-4-98-14],Skill,practice,NA,Train,None,{('answer'&'arg_1_concept_2'&'arg_3_concept_2'&'arg_2_concept_2'&'arg_4_concept_2')&('answer'&'arg_1_concept_2'&'arg_2_concept_2'&'arg_3_concept_2'&'arg_4_concept_2')},Divide(Divide(?.v&?.v)&Divide(?.v&?.v)):(arg_1_concept_2&arg_2_concept_2&arg_3_concept_2&arg_4_concept_2)->answer,False,False,None,18,14:42:03
SPSP-S-8,3,[3][args:280-7-8],Skill,practice,CORRECT,Request,...,{('answer'&'arg_1_concept_3'&'arg_2_concept_3'&'arg_3_concept_3')},Divide(?.v&Multiply(?.v&?.v)):(arg_1_concept_3&arg_2_concept_3&arg_3_concept_3)->answer (v: 0.977),False,False,5,5,14:42:03
SPSP-S-8,4,[4][args:3-9],Skill,practice,INCORRECT,Request,...,[2&1],HINT,False,False,None,732,14:43:19
SPSP-S-8,5,[5][args:5-151-256],Skill,practice,CORRECT,Request,...,{('answer'&'arg_3_concept_5'&'arg_2_concept_5'&'arg_1_concept_5')},Divide(Subtract(?.v&?.v)&?.v):(arg_3_concept_5&arg_2_concept_5&arg_1_concept_5)->answer (v: 0.959),False,False,21,21,14:43:19
SPSP-S-8,2,[2][args:240-5-72-24],Skill,study,NA,Train,None,{('answer'&'arg_1_concept_2'&'arg_3_concept_2'&'arg_2_concept_2'&'arg_4_concept_2')&('answer'&'arg_1_concept_2'&'arg_2_concept_2'&'arg_3_concept_2'&'arg_4_concept_2')},Divide(Divide(?.v&?.v)&Divide(?.v&?.v)):(arg_1_concept_2&arg_2_concept_2&arg_3_concept_2&arg_4_concept_2)->answer,False,False,None,16,14:44:36
SPSP-S-8,3,[3][args:495-9-5],Skill,study,NA,Train,None,{('answer'&'arg_1_concept_3'&'arg_2_concept_3'&'arg_3_concept_3')},Divide(?.v&Multiply(?.v&?.v)):(arg_1_concept_3&arg_2_concept_3&arg_3_concept_3)->answer,False,False,None,11,14:45:14
SPSP-S-8,4,[4][args:2-6],Skill,study,NA,Train,None,{('answer'&'arg_2_concept_4'&'arg_1_concept_4'&'arg_2_concept_4'&'arg_1_concept_4')},Add(Pow(?.v&?.v)&Divide(?.v&?.v)):(arg_2_concept_4&arg_1_concept_4&arg_2_concept_4&arg_1_concept_4)->answer,False,False,None,39,14:45:51
SPSP-S-8,5,[5][args:9-121-400],Skill,study,NA,Train,None,{('answer'&'arg_3_concept_5'&'arg_2_concept_5'&'arg_1_concept_5')},Divide(Subtract(?.v&?.v)&?.v):(arg_3_concept_5&arg_2_concept_5&arg_1_concept_5)->answer,False,False,None,31,14:46:35
SPSP-S-8,2,[2][args:441-7-372-124],Skill,practice,CORRECT,Request,...,{('answer'&'arg_1_concept_2'&'arg_3_concept_2'&'arg_2_concept_2'&'arg_4_concept_2')&('answer'&'arg_1_concept_2'&'arg_2_concept_2'&'arg_3_concept_2'&'arg_4_concept_2')},Divide(Divide(?.v&?.v)&Divide(?.v&?.v)):(arg_1_concept_2&arg_3_concept_2&arg_2_concept_2&arg_4_concept_2)->answer (v: 0.982),False,False,21,21,14:46:35
SPSP-S-8,3,[3][args:162-6-3],Skill,practice,CORRECT,Request,...,{('answer'&'arg_1_concept_3'&'arg_2_concept_3'&'arg_3_concept_3')},Divide(?.v&Multiply(?.v&?.v)):(arg_1_concept_3&arg_2_concept_3&arg_3_concept_3)->answer (v: 0.973),False,True,9,9,14:47:17
SPSP-S-8,4,[4][args:3-21],Skill,practice,INCORRECT,Request,...,{('answer'&'arg_1_concept_4'&'arg_2_concept_4'&'arg_1_concept_4')},Add(?.v&Pow(?.v&?.v)):(arg_1_concept_4&arg_2_concept_4&arg_1_concept_4)->answer (v: 0.674),False,False,None,9268,14:48:00
SPSP-S-8,4,[4][args:3-21],Skill,practice,NA,Train,None,{('answer'&)},9268.0:()->answer,False,False,None,9268,14:50:03
SPSP-S-8,5,[5][args:15-142-322],Skill,practice,CORRECT,Request,...,{('answer'&'arg_3_concept_5'&'arg_2_concept_5'&'arg_1_concept_5')},Divide(Subtract(?.v&?.v)&?.v):(arg_3_concept_5&arg_2_concept_5&arg_1_concept_5)->answer (v: 0.944),False,False,12,12,14:50:03
SPSP-S-8,3,[3][args:312-13-4],Skill,posttest,CORRECT,Request,...,{('answer'&'arg_1_concept_3'&'arg_2_concept_3'&'arg_3_concept_3')},Divide(?.v&Multiply(?.v&?.v)):(arg_1_concept_3&arg_2_concept_3&arg_3_concept_3)->answer (v: 0.972),False,True,6,6,14:50:46
SPSP-S-8,5,[5][args:23-16-200],Skill,posttest,CORRECT,Request,...,{('answer'&'arg_3_concept_5'&'arg_2_concept_5'&'arg_1_concept_5')},Divide(Subtract(?.v&?.v)&?.v):(arg_3_concept_5&arg_2_concept_5&arg_1_concept_5)->answer (v: 0.979),False,True,8,8,14:50:46
SPSP-S-8,3,[3][args:312-13-4],Skill,posttest,INCORRECT,Request,...,[1&0],HINT,False,True,None,6,14:50:46
SPSP-S-8,4,[4][args:1-13],Skill,posttest,CORRECT,Request,...,{('answer'&'arg_2_concept_4'&'arg_2_concept_4')},Add(?.v&?.v):(arg_2_concept_4&arg_2_concept_4)->answer (v: 0.971),False,True,26,26,14:50:46
SPSP-S-8,4,[4][args:1-13],Skill,posttest,CORRECT,Request,...,{('answer'&'arg_2_concept_4'&'arg_2_concept_4')},Add(?.v&?.v):(arg_2_concept_4&arg_2_concept_4)->answer (v: 0.997),False,True,26,26,14:50:46
SPSP-S-8,2,[2][args:360-6-135-9],Skill,posttest,CORRECT,Request,...,{('answer'&'arg_1_concept_2'&'arg_3_concept_2'&'arg_2_concept_2'&'arg_4_concept_2')&('answer'&'arg_1_concept_2'&'arg_2_concept_2'&'arg_3_concept_2'&'arg_4_concept_2')},Divide(Divide(?.v&?.v)&Divide(?.v&?.v)):(arg_1_concept_2&arg_3_concept_2&arg_2_concept_2&arg_4_concept_2)->answer (v: 0.977),False,False,4,4,14:50:46
SPSP-S-8,4,[4][args:3-15],Skill,posttest,INCORRECT,Request,...,[10&9],HINT,False,False,None,3380,14:50:46
SPSP-S-8,4,[4][args:1-13],Skill,posttest,CORRECT,Request,...,{('answer'&'arg_2_concept_4'&'arg_2_concept_4')},Add(?.v&?.v):(arg_2_concept_4&arg_2_concept_4)->answer (v: 0.969),False,True,26,26,14:50:46
SPSP-S-8,2,[2][args:216-4-87-29],Skill,posttest,CORRECT,Request,...,{('answer'&'arg_1_concept_2'&'arg_3_concept_2'&'arg_2_concept_2'&'arg_4_concept_2')&('answer'&'arg_1_concept_2'&'arg_2_concept_2'&'arg_3_concept_2'&'arg_4_concept_2')},Divide(Divide(?.v&?.v)&Divide(?.v&?.v)):(arg_1_concept_2&arg_2_concept_2&arg_3_concept_2&arg_4_concept_2)->answer (v: 0.706),False,False,18,18,14:50:46
SPSP-S-8,2,[2][args:588-6-112-8],Skill,posttest,CORRECT,Request,...,{('answer'&'arg_4_concept_2'&'arg_4_concept_2'&'arg_4_concept_2')},Subtract(?.v&Divide(?.v&?.v)):(arg_4_concept_2&arg_4_concept_2&arg_4_concept_2)->answer (v: 0.968),False,True,7,7,14:50:46
SPSP-S-8,2,[2][args:288-12-18-9],Skill,posttest,CORRECT,Request,...,{('answer'&'arg_1_concept_2'&'arg_3_concept_2'&'arg_2_concept_2'&'arg_4_concept_2')&('answer'&'arg_1_concept_2'&'arg_2_concept_2'&'arg_3_concept_2'&'arg_4_concept_2')},Divide(Divide(?.v&?.v)&Divide(?.v&?.v)):(arg_1_concept_2&arg_3_concept_2&arg_2_concept_2&arg_4_concept_2)->answer (v: 0.975),False,False,12,12,14:50:46
SPSP-S-8,5,[5][args:23-16-200],Skill,posttest,CORRECT,Request,...,{('answer'&'arg_3_concept_5'&'arg_2_concept_5'&'arg_1_concept_5')},Divide(Subtract(?.v&?.v)&?.v):(arg_3_concept_5&arg_2_concept_5&arg_1_concept_5)->answer (v: 0.928),False,True,8,8,14:50:46
SPSP-S-8,4,[4][args:4-12],Skill,posttest,INCORRECT,Request,...,{('answer'&)},1732.0:()->answer (v: 0.597),False,False,1732.0,20739,14:50:46
SPSP-S-8,2,[2][args:588-6-112-8],Skill,posttest,CORRECT,Request,...,{('answer'&'arg_4_concept_2'&'arg_4_concept_2'&'arg_4_concept_2')},Subtract(?.v&Divide(?.v&?.v)):(arg_4_concept_2&arg_4_concept_2&arg_4_concept_2)->answer (v: 0.967),False,True,7,7,14:50:46
SPSP-S-8,3,[3][args:693-7-3],Skill,posttest,CORRECT,Request,...,{('answer'&'arg_1_concept_3'&'arg_2_concept_3'&'arg_3_concept_3')},Divide(?.v&Multiply(?.v&?.v)):(arg_1_concept_3&arg_2_concept_3&arg_3_concept_3)->answer (v: 0.967),False,False,33,33,14:50:46
SPSP-S-8,3,[3][args:840-2-10],Skill,posttest,CORRECT,Request,...,{('answer'&'arg_1_concept_3'&'arg_2_concept_3'&'arg_3_concept_3')},Divide(?.v&Multiply(?.v&?.v)):(arg_1_concept_3&arg_2_concept_3&arg_3_concept_3)->answer (v: 0.997),False,False,42,42,14:50:46
SPSP-S-8,5,[5][args:18-93-291],Skill,posttest,CORRECT,Request,...,{('answer'&'arg_3_concept_5'&'arg_2_concept_5'&'arg_1_concept_5')},Divide(Subtract(?.v&?.v)&?.v):(arg_3_concept_5&arg_2_concept_5&arg_1_concept_5)->answer (v: 0.921),False,False,11,11,14:50:46
SPSP-S-8,3,[3][args:225-5-5],Skill,posttest,CORRECT,Request,...,{('answer'&'arg_1_concept_3'&'arg_2_concept_3'&'arg_3_concept_3')},Divide(?.v&Multiply(?.v&?.v)):(arg_1_concept_3&arg_2_concept_3&arg_3_concept_3)->answer (v: 0.966),False,False,9,9,14:50:46
SPSP-S-8,5,[5][args:5-79-199],Skill,posttest,INCORRECT,Request,...,[1&0],HINT,False,False,None,24,14:50:46
SPSP-S-8,3,[3][args:312-13-4],Skill,posttest,CORRECT,Request,...,{('answer'&'arg_1_concept_3'&'arg_2_concept_3'&'arg_3_concept_3')},Divide(?.v&Multiply(?.v&?.v)):(arg_1_concept_3&arg_2_concept_3&arg_3_concept_3)->answer (v: 0.965),False,True,6,6,14:50:47
SPSP-S-8,5,[5][args:23-16-200],Skill,posttest,CORRECT,Request,...,{('answer'&'arg_3_concept_5'&'arg_2_concept_5'&'arg_1_concept_5')},Divide(Subtract(?.v&?.v)&?.v):(arg_3_concept_5&arg_2_concept_5&arg_1_concept_5)->answer (v: 0.916),False,True,8,8,14:50:47
SPSP-S-8,5,[5][args:23-423-584],Skill,posttest,CORRECT,Request,...,{('answer'&'arg_3_concept_5'&'arg_2_concept_5'&'arg_1_concept_5')},Divide(Subtract(?.v&?.v)&?.v):(arg_3_concept_5&arg_2_concept_5&arg_1_concept_5)->answer (v: 0.997),False,False,7,7,14:50:47
SPSP-S-8,4,[4][args:2-8],Skill,posttest,CORRECT,Request,...,{('answer'&'arg_2_concept_4'&'arg_1_concept_4'&'arg_2_concept_4'&'arg_1_concept_4')},Add(Divide(?.v&?.v)&Pow(?.v&?.v)):(arg_2_concept_4&arg_1_concept_4&arg_2_concept_4&arg_1_concept_4)->answer (v: 0.598),False,False,68,68,14:50:47
SPSP-S-8,2,[2][args:588-6-112-8],Skill,posttest,CORRECT,Request,...,{('answer'&'arg_4_concept_2'&'arg_4_concept_2'&'arg_4_concept_2')},Subtract(?.v&Divide(?.v&?.v)):(arg_4_concept_2&arg_4_concept_2&arg_4_concept_2)->answer (v: 0.963),False,True,7,7,14:50:47
